128 128
  84  39  78  79  91  19  33  76  27  55  47  62  36  51  95  91  63  71  14  60   1  24  13  80  15  40  12  10  99  21  51  83  61  29  63  52  49  97  29  77  52  76  40  89  28  35  80  91   6  94  52   8  19  66  89  34   6   2  45   6  23  97  90  85  26  53  37  76  51  66  53   3  43  93  93  72  28  73  63  35  68  16  44  88  82  33  22  89  35  68  95  58  65  85  43  92  39  81  68  91  48  21  95  92  14  88  64  43  61  28  78  30  44  22  18  27  55  41  16  90  10  12  49  76  98  93  68  38
  74  36  29  23  58  24  15  73  12  79  16  74   7  95   5  52  17  24  79  73  65  96  63  75   9  13  52   7   6  20  46  81  57  75   5  15  99  20  88  12  99   5  87   7   0  92  59  18  16  39  91  81  35  55  57  45  68   9  53  75  30  99  57  87  74  62   3  74  83  92  87  83  97  74  90  98  66  49  16  83  88   7  64  24  62  22  70  31  32  23   7  63  22  65  51  97  28  54  71  11  47  59  94  45  33  84  43   0  34  59  83  23  67  48  48  30  71  18  62   4  41  69  67  63  34  18  60  62
  73  32  74  20  92  68  65  25  53   8  26  87  68   9  11  36  57  59  66  28  77  28  32  18  98   0  82  33  18  43  95  91  76  69  12  68  38  77  94  91  86  20  79  54  29  90  90  87  49  57  16  27  86  49  46  84  49  29  18  68  72  13  60  49  83  72  17  22  49  12  13  36  32  93  90  62  83  81  49  33  39  65  60  25  15   7  10  64  36  28  33   9  42  93  58  26  65  76  48  15  88  62  51  20  55  42  82  39  24  32  72  63  98  33  89  13  41   0  78  77  29  11  86  72   4  44  98  70
  21  47  86   9   9  38  30  65  80  13   5   5  45  78  69  44  11  58  57  52  59  36  30  88  47  16  60  52  61  59  23  82   7   9  92  16  48  22  82  29  35  87  34  81  65   3  25  77  62  83  30  22  19  61  10  67  78  71  20  40  31  43  23  38  53  15  55   1  38  38  30  73  26  64  55  91  68  80  69  31  64   0  53  84  61  64  51  40  36  71  80  67  15   3   6  68  18  61  70  56   0   0  30  26  65  85  18  34  66  87  65  31  88  18  15  50  82  67  90  19  39  70  86  54  73  93  23  92
  55  93  49  55  93  79  81  59  65  99  93  32  87  58  63  75  77  79  26  60  47  16  79  86  87  66  41  61  59  64  53  14  57   3  70  51  83  51  11  48  51   4  81  38  63  45  14  41  24  40   1  71  57  81  58  44  47  99   5   7  64  59  22  21  63  92  73  46  43  85  95  94  89  76  33  53  21  47  94  46  88  96  18  45  78  76  90  25  76  96  33  40  56  55  62  19  47  36  65  91  21  60  86  10  37  19  64  59  67  59   5  56  56  24   1  34   0  92  60  77  88  93  17  44  48  79  63  96
  15  29  88  36  89  74  47  27  94  12  86  62  71  92  18  28  16  20  62  17  12  22  94   1  16  11  46  64  91  10  61   7  39  49  43  29  24  91  56  19   3  43  81  75  35  99   3  52  20  66  69  32  88  64  34   5  76  80  69  68  90  31  75  29  80  18  59   5  10  15  24  13  58   5  88  94   5  92  46  25  58  16  58  47  81  92  52  58  72  22  26  63  53   1  93  34  20  52  40  30  67  64  44  26  70  33  21  75  25  68   1  84  85  60  32  66  52  84  25  25   7  51  88  61  53  82  95  73
  34  35   4   2   0  48  29  70  82  50  46   7  19  48  92   4   8  24  71  61   9  96  86  16  47  75  77   0  57  73  74  92   9  78  94  10  27  23  80   9  74  27  17  93  76   9  98  84  34  69  45  43  65  32  60  12   8  37  13  65  11  88  58  21  66  52  31  94  76  12   3  51  39  21  45  16  30  43   0  64  12  46   8  78  78  68  91  86   6   4  52  17  92  10  38  59  63  70  53  40  82  57  92  22  78  37  38   9  80  38  74  93  84  83  71  63  51  62  50  57  67   2  75  59  13  14  19  77
  84  73  18  66  31  10  88  10  47  27  19  28  65  94  22  50  77  93  14  29  56  64  87  23  67  62  83  81  77   2  59  61  76  77  28   7  88  17  17  35  44  37  64  10  32  86  60  10  80  74  39  36  39  27  59   6  90  43  88  67  46  47  29  22  24  57  30  12  74  48  48  19  85  13  29  18   0  90  28  80  65  68  17   4  95  77  11  86  20  99  53  66  46  82  89  71  40  19  83  15  67  32  34  53  45  64  71  46  54   0  26  19  69  44  23  65  21  34  51  42  34   5   9  80  87  98  52  28
  18  35  43  85  68  78  38  14  42  10  60  96  10  86  15  80  31  39  45  53  74  97  95   8   2   5  89  89   3  41  18  21  77  62   7  46  40  45  60  83  56  20  80  67   7  96  47  38  35  93  91  10  90  87  19  92  92   8  82  96  50   0  18  28  62  26  74   3  72  35  87  28  55  67  95  62  63  43   0  99  36  92   9  26  80  29  18  72  38   0  69  88   1  88  17  63  14  92  67  87  27  54  15  82  22  11  45  86  54  46  85  90  38  95  17  18  24  36  91  62  36  61  51  37  50  69   1  65
  61  69  52  89  24  67  72  46  78  17  32  33  63  18  24   2  13  41  21  38  77  12   1  14  74  53  52  24  22  54  89  84  23  41  73  47   9  46  94  88  64  26  21  27  44  45  30  58  87  51  97  65  64  98  79  38  51  32  63  74  86  53  58   9  95  32  57   4  78  51  92  42  78  13  70  23  59   0  81  47  52  79  12  16  77  92  55  29  24  19   3  11  72  61  21  67  93  78  72  72  30  64  15   9  78  85  32  38  86  14  85  39  93  98  55  70  90  11   0  15  30   3  26   3  64  47  71  58
  26  43  31  57   8  46  66  86  32  98  24  19  12  10  58   6   8  14  76  98  25  76  14  56  80  41  59  44  89  31   3  15  74  34  73  82  81  39  69  14  37  93  34  50   4  92  56  12   6  33  11  32  10  25  88  90  66  48  35  55  80  39  71  54  74  44  37  55  84   6  70  22   0   4  72   4  96  29  16   3  63  28  36  73  53  24  64  20  73   0  76  53  39  48   8  13  92  45  69  76  52  39  98  53  43  71  57  40   1  74  44  64   3  80  38  56   5   3  77  79   3  53  32  42   2  41  56  94
  87  25  71  39  65  70  93   8  42  51  49  43  26  94   8  29  74  47  86  80  50  63  59  54  17  92  97  19  34  53  14  21  79  86  61  44  56  54  53  99   5   3  43  32  97  51  61  72  99  47  52  50  10  12   4  28   5   2  47  39  55  62  60  35  48  21  79   5  76  32   4  82  35  48  14  32  99  75   5  99  22  57  49  33  70  54  62  75  56  10  14  11  72  74  47  21  96  26  26  72  59  31  54  94  79  69  27  79  44  32  78  67  90  27   1  60  81  63  36  38  74  50  50  46  25  97  67  21
  23  94  94  82  25  48  77   5  17   4  84  62  37  63  30  28  90  31  89  72  95  25  10  69  75  60  16   1  58  84  22  81  78  16  64   4  65  41   9  83  46  94  46  83  57  76  12  48   8   1  21   3  26  32  73   2  93  90   4  51  74  26  32  53  43  96  57   9  38  67  92  84  62  38  68  19  14  80  68  23  82  89  26   9  21   0  11  14  90  16  65  64  42  98  18  86  95  75  95  33  43  88  17   6  26  86  25  41  66  93  64  48  82  91  57   4  91  69  19  82  85  84  47  28  83  65  15  78
  41  10  11  84  98  29  90  25  15  16  67  82  10  31  31  93  23  89  97  15  59  16  97  45   1  44  74  84   9  89  63  50  99  74  35  98   4  26  23  20  42  90   3  52  22  34  46  45  24  43  61  83  60  58  29  61   3   3  46  13  93   9  64  92  84  99  90  88  25  14   8  68   4  12  21  27  46  67  72  71  11  33  55  71  92  84  33  96  88  79   9  81  88  73  74  72  73  65  61  99  79  70  67  84  82  89  11  29  57  84   0  68  18  55  40  11  40  73   7  28  52  17  10  41  90  84  14  63
  49  75  62  29  46  30  13  28  19  25  57  77  10  57  46  28  13  86  39  53  59  47  81  12  64  91  54  55  76  69  18  25  44  81  55  91  12  68  19  32  94  77   9   4  35  55  33  48  41  72   1   1  20  83  14  84  75  69  40  51  38  59  77  83  40  32  74  52   1  93  84  95  71  94   0   6  49  33  54  91   6  56  93  26  40   7  11  16  77  51  67  15  10  45  98  51  78  73   4  79  67  88  75  38  83  76  44  32   9  99  23  15  56  16  42  97  24  54  13   1   6  81  17  17  26  16  68   5
  89  72  84  56  61  60  95  44  36  40  77  46  39   0  62  96  17   4  93  42  59   6  44  65  87  62  82  14  78  50  19  67  23   4  24  84  65  19  29   2  59   6  48  99   7  11  95  25  15  89  68  74  96  12  40  84  74  22  98  52  73  18  20  96  23  45  81  89  64  10  92  24  17  40  23  24  51  19  50  67   8  18  42   4  30  82  88   5   5  87  58  78   6  78  74  30  23  56  19  88  67  11  12  84  52  35   9   4  55  59  72  63  77  15  68   8  98  57  13   3  44  71  81  51  50  56  81  74
  13   1  62  80  13  75  65  66  10  74  71  66  33  44  29  11  59  98  19  57  55  33  60   0   4  42  52  55  98  34  29  11  36  92  92  49  67  57  16  78  31  88  44  65  32  74  77  92  72  96  49  28  30  10  28  35  52  81  90  51  15  20  63  51  12  55   1  80  12  17  58  44   6   2  10  38  77  87  30  49  84  80  78  14  90   6  49  43  88  39  94   3  59  58  54  72  13  55  52  26  73  11  71  79  13  81  18  91  68  49  40  52  29  18  67  20  25  16  63  14  55  58  17  15  16  71  88  29
  27  40  56   1  51  28  81  65   9   0  56  78  49  97  31  79  16  98  99  42  14  62  56  70  20  73  86  37  45  74  66  73  15  23  75  66  51  56  32  61  56  89  40   6  86  71  85   3  70  85  45  85  48   2  56  69  75  42   6  21  16  73  94  32  96  69  99  48  26  31  10  83  21  50  89   7  22  75  11  92  60  56  78   8  59  34  78  34  77  84  56  93  57  51  26  54  21  25   3  47  56  13  30  78  63  20  85  85  95  97  78  56  54  57  65  13  91  43  48  68  27   4  62  85  55  88  39  77
  14  42  24  71  56  55  49  20  76  35   5  72  32  84  28  86  41  94  99  33  37  47   2  65  52  65  50   8  54  90  85  68  33  10  39  89  66  88   9  42  23  15  14  55   0  43  42  41  37  42  75  75  89  78  40  41  43  90  50  97  80  35  65  13  45   5   3  11  93  12  53  17  28  68  73  28  12  15  69  50  57  45  25  47  23  66  89  66  56  39  64  37  74  30  51  20  35  54  31  29  67  85  47  95  54  20  23  66  36  93  17  94  39  42  42  62   8  31  29  65  71  94   3  46  24  55  66  60
  10  97  90  77  82  37  73  36  58  96   3  95  90  20  89  29  63  32  92  72  63  22  38  35  16  41  81  41  97  47   2   7  45  92  85  28  30  58  65  89  55  69  84  46  89  74  75  53   6  68  25  70  90  63   5   7   5  87  48   2  34  51  10  80  43  95   8  74  53  74  63   9  43  48  55  32  22  31  85  29  99  11  99  90  75   5  97  80  92  46  83  27  97  93   7  41  89  16  16  42  91  80  52  34  28   7  67  50  38  53  80  38  64  79  28  39  84  26  20  77  73   3   4  71  97  12  13  86
  29  29  29  20   9  81  54  37  89  21  88  28  74  68  66  39  48  95  79  33  21  99  10  94   3  14  66   0  27  79  87  56   8  16  76  18  98  30  55  88  52  44  16  27  13  82  66  61  77  45  94  99  45   4  94  48  19  60  48  46  39  36   2  48  53  79  66  51   9  22  40  62  67  56  89  80  39  56  42  17   2  36  17  47  41  11  96  61  71  45   7  11  81  10  59  34  89  26  86  99  48  26  62  15  83  52  96  23   8  38  40  11  74  57  59  16  69  55  77  40   0  85  52  82  96  11  16  85
  38   2  85  86  29  47   2  13  99  98  36   8  36  76  20  11  34  79  27   3  35   5  44  36  90  96  18  86   8  35  72  46  38  58  33  67   6  35  81   6  33  17  15  70  93  35  81  28  15   9  31  50  14  75  87   5  72   5  92  81  41  65  28  79  23  61  47  29  96  28  36  30  45  51   1  39  86  82  67   1  92  99  52   6  75  40  12  47  46   4  29  87  69  57  66  93  18  14  23  15  42  59  46  88  10  47  27  97  29  95  99  22  94  52  29  69  92  41  17  38  46  46  25  16   3  92   9  22
   6  33  37  49  92  83  37   3  30  65   0  60  60   0  83  54  52  12  24  45  53  41  83   0  88   9  16  91   2  26  13   8  60  51  58  52  35  96  56  66  61  57  27  22  57  10  77  10  22   1  55  76  43  38  76  31  48  93  23  50  20  36  59  80  88  17  33  23  13  89  89  75  46  16  97   4  27  74  14  49  76  69  26  19   8   3  50  56  97  73   6  17  10  65  98  99  83  32  22  96  22  12  72  68  29  69  73  56  44  87   5  20  57  32  39  65  35  89  22  32  63  28  49  74  94  48  73  77
  80  96  74   2   8  46  71  37  15  45  94  59  32   0  79  90  32  19  55  67   8  77  99  72   6  49  47   0  98  20  78  78  17  52  81  25  98  53  63  14  98  57  73  31  57  53  21  89  72  77  57  81  54  56  54  61   5   1  62   3  22  40  82  39  92  64  64  91  18  28   5  17  86  78  48  44  32  70  34   5  47  91  86   2  47  40  63  53  42  26  57  64  66  40   3  58   5  68  49  24  97  55  41  83  33  90  27  66  60  61  71   7  53  58  10   1  98  73  55  41  99  12   5  66  53   8  25  58
  77  75  83  74  30  24  58  64  14  85  30  75  47   2  82   1  60  93   2  59  67  57   0  67  70   5  33  24  14  58  82  91  33  65  66  64  90  24  28   5  10  59  80  57  61  63  59  21  56  61  80  23  19  80  90  89  86  23  13   0  82  96  92  16  62  58  80  53  82   8  58  93  67  38  51  29   1  10  50  58  71  30  81  91  11  72  81  97  96  95  97  78  91  90  95  54  48  75   8  31  84  66  24  52   5  75  81   7  85  31  65  57  62  46  49  74  19  30  71  15  25  69  93  17  59  89  72   8
  64  80  40  48  46  64   1  52  40  82  59  26  13  24  84  76  71  33  50  90  63  22   5  88  92  99   6  52  89  78  60  53  58   1   2   5  65   3  57   6  85  17  32  99  41  16  76  13  50  27   3  13  50   9   2  42   9   8  94  98  86  55  52  45  56  54  50  22  58   8  29  44  25  61  44  67  78  21  80  28  48  84  42  98  94  44  41   3  53  35   2  39  91  55  85  48   9  36  71  68  44   0  13  70  61  57  38  40  78  18  69  27   3  11  25  97  56  66   1   9   2   4  49  94  59  34  43  69
  70  14  37  15  14  50  85  76   8  23  16  86  42  85  14  45  97  39  42  53   6  44  63   9  48  12   4   7  46  47  76  16  61  13  31  75  64  17  52  72  40  68  59  83  54  73  28  52  13  71   5  20  16  68  30  64  81  34  71  27  82  48  44  43  62  76  19  26  93  71  99  34  40  58  17  95  32  46  47  46  18  53  67  34  22  97  98   3  32  70  30  14  18  75  58  80  51  77   6  44  49   6  78  90  65  96  85  97  42  32  44  61  85  11  95   7   8  93  10  40  64  41  55  82  16  13  62  67
  91  69  12  41  75  90  31  41  87  16  38  29  48  83  90  33  94  86  41   3  79  52  44  44  93  99  26   9  13  89  77   4  58  89  45  34  80  76  75  67  93  14  97  41  98  88  75  92  74  16  96  54  68  40  98  62  40  25  72  53  14  49  58  73  39   4   8  20  81  84  87  74  98  85  16  97  74  91  89  48   8  86   3  77  26   2  39  66  27  12  20  42  62  79  15   1  83  23  22  64   8   9  39   6  95  55   3  69  46  93  18  55  79  22  32   6  24  72  73  52  85  94  95  47  73  10  49  56
  34  71  21  42  81  60  49  76  15  53  46  62  47  64  18  27  86  51  34  11  24   7  64   9   1  59  56  75  70   5  31   5  76  53  48  57  14  97  34  29  51  80  92  99  45  10  26  32  61  60  43  86  68   8  95  70  67  51  45  37  57  77  43  33  31  91  91  45  88  26  74  40   7  67  39  52  78  66  84  40  27  28  26  95  36  21  66   4  72  12  42  30  89  85  64  20  76  56  65  65  82  40   5  89   8  45  42  86  11  26  26  39  55  53  34  91  74   1  96  47  13  38  77   3  23  41  23  99
  97  89  65  80  30  70  69  39  16  11  25  28  38  52  67  94   5   2  86  80   3  82  27  16  20   5  19  44  46  43  43  44  33   9  24  64  79  94   3  96   6  28  24  45  81  91  39  87  93  25  67  97   7  94  14  28  99  34  72  46  78  16  91  11  25  16  75   5  10  79   1  17   7  25  63  89  17   2  76  11  28  43   8  35  38  23  64  38  57  36  85  35  53  76  47  78  93  22  83   4   1  85  21   9  10  84  99  28  87  75  39  15  19  48  51  58  71  15  96  29  52  82  64   5  58  11  84  51
  34  67  56  36  53  77  45  63  62  45  92  49  20  31  65  40  80  16  98  51  32  95  80  85  77  45  90  36  56  75  88  90  43  44  27  96  21  72  60  84  17  52  33  38  84  98  78  64  15  77  16  48  72  96  33  49  42  24  85  98  99  73  89  42  17  16  38  39  89  99  23   7  51  57  45  35  56  24   0  71   2  16  19  74  13  53  24  55  77   9  54  77  83  43  19   1  60  58  40  50  57  63  57   9  20   3  45  76  28  45  48  30  62  68   5  75  21  29  30  99  39  84  76  23  28  96  24  89
  55  64  39  13  28  96  22  49   0  68  26  28  13  75  59  76  43  64  51  65  94  82  64  33  67  41  56  96  38  80  85  93  45  24   6  74  21  29  23  21  97  50  50  11  25   9  87  68  74  39  34  68  21  98   1  89  40  58  85  78  39  70  72  84  95  79  58  17   9  82  39   7  32  89  19  58  99   6  26  73  46  60  41  68  59  43  57   0   1  42  79  40  13  51  25   9  31  84  26  40  66  65  47  99  55  66  57  55  73  84  28  19  45  70  87   5  13  44   5  14  87  84  55   0  36  80  10  67
  65  36   7  31   2  55  31  58  22  89  13  95  74  42  15  19  13   2  25  26  47  30  41  35  15  97  36  52  78  46  19  43  83  27  75  86  82   6  44   4  96  58   0  70   1  15  90  14  18  15  41  66  46  82   1  62  79  38  14  57  84  33   1  68  61  76  54  44  82  99  48  79  58  49  49  59  64  40  73  83  56  15  49   2  97  51  64  77  89  78  35  74  12  36  42  74  12  97  18  95  96  66  75  54  16  25  13  80  65  87  64  21   2  13  24   0  64  89  78  54  67  14  28  80  51  71  54  64
  68  72  60  64  39  35  18  55  60  32  36  26  20   0  47  23  14  72  24  79  61   3  33  29  17  61   9  68  32  64  33   1  37  93  65  77  28  84  33  89  17  69  15  38  70  63  61  85  35  86  64  96  89  97  25   7  59  35  76  92   0   9  93  37   2  59  14  31  44  47  20  61  17  36   0  88  99  62  73  34  48  38  31  38  36  57  45  95  92  22  88  93  31  82  30  34  41  45  66  86  93  87  48  10  23  48  99  22  10  73  57  58  12  88  97  48  45  43  44  38  65  32  31  97  15  62  32  57
   7  98  43   0  85  91  11   9  39  11  32  49  85  89   8  97  78   5  45  24  48  89  62  14  22  94  11  37  56  43  94  64  42  38  65  28  29  77  37  69  88  69  18  73  59  27  70  37  33  16  61  82   5  24  96  27  19   8  65  76  52  60  40  94  98   5  22  27  82  60  96  71  30  15  44  89  43  15  27  76  31  89  59  37  13  55  65  33  64  30   9  16  90  49  10  89  55  33  16  38  94  13   9  25  29  54  15  72  70  42  49   2  31   8  39  45  64   4  78  28  35  87  44  26  37  55  15  93
  89  32  31  83  45  41   8  75  96  24  47  66  66  96  68  98   4   8  44  68  12  23  96  48  10  41  75  48  96  90  41  86  23  73  70  69  14  79  44  10   3  91  77  69  88  46  68  92  54  12  61  67  35  58  15  46   0  90  95  97  81  36  83   5  10  53  74  24  32  18  35  35  10  13   5  99  59  73  91  13  85  53  80  21  11  96  67  11  87  62   8  69  99  92  74   9  45  48  34  77  67  70  13  78  83  18  77  43  91  69  57  77  23  37  98  35  34  65  46  22  28  55  91  28  48  65  38  93
  14  72  71  82  43  84  61  27   3  39  70  94   8  27  71  31  65  70  66  99  36  13  22  64  69  13  93  18  79  31  11  94   3  83  76  47  68  38  74  71  77  44  66  86  71  38  18  37   8  85  37  44  99  59   9  69  72   2  87  51  33  99  45  37  82  22  84  51  61  58  22  38   3  88  25  75  27  43  12  35  29  49  79  28   9  89  97  81  91  85  33  25  84  79  62  67   2  47  18  63   6  41   2  10  30  27  85  57  71  98  92   0  48  72  29  57  61  27  39  53  12  72  78  97  52  41  64  55
  89  83  18  95  24  21   5  54  49  91  12  20  89   5  21  37  77  51  95  39  78  34  92  91   7  71  88  60  12  52  15   2  36  34  97  60  55   3  15   5  94  28  25  84  33  47  22  10  98  17  49  77  51  42  68  59  14  56  19  26   9  34  29  45  69  26   6  24  30  22  29  25  50  55   9  83   3  31  94   2  49  44  79   1  86  48  60   0   4  80  27  14  14  56  60  83  83  67   8  14  89  38  39  39  94  49  23  97  80  17   0  29  61  80  30  48  28  91  49  33  71  77  47  86  33   7  70  17
  75  79  32  64  17  71   4  11  20  27   9   1  45  10  31   6  90  62  55  18  53   4  51  24  81  99  11  15   7  81  33  82  60  65  46  78  36  50  90  57  78   0  58  23  10  89  30   0  51  85  19   5  89  70  30  71  69  41  87  76  23  20  59  83  85   5  62  22  56  52  79  34  52  38  58  62  28  88  63  79  74  82  84  64  53  14  35  23  56  22   0  79  43  59  63  29  64  25  51  21  77  31  56  30  69  14  92  97   3  56  77  77  39  62  41  92  77  77  15  33   0  16  13  43  75  76  72  40
   1  24  61  79  55  17   9  25  32   2  23  35  58   1  12  97  63  54  90  40  31   5  74  31  22  87  75  97  63  47  37  65  71  99  44  27  17  53  52  49  55  76  84  14  77  97  12  40  52   2  81  84   8  55  15  30  43  91  27   6  38  65  71  10  65  16  37  82  69  90  31  25  66  16  40  43  14  52  84  66  54  66  50  62  21  66  93  64  57  21  71  96  86  43   7  51  59  44  34  28  35  66  54   1  82  94  45  96  46  30  63   1  96  14  63  18  81  56  82  39  77  54  35  64  97  43  16  56
  88  50  85  23  16  40  25  99  34  70  96  81   0  60  82  96  74  46  14  55   3  97  95  81  52  31  45  50  74  62   7  62  13  92  85  30  33  10  29  68  81  26  49  81  86  32  78  60  78  93  16  81  91  11  62  44  42   8  94  17  70   1  79  84  94  64  14  27  75  43  95  56  70  44  38  56  76  17  17  55  11  34  36   2  45  99  47  88   7  41   5  78  42  85  62  36  50  77  64  25  21  59  82  91   4  20  47  81  38  64  36  49  99  73  52  44  72  99  33  80  40  39  59  83  24  22  20  74
  99  84   0  20  43  82  11  47   3  59  29  41  24  65  91  23  39  43  68  12  43   2  93  84  41  52  67  66  74  87  40  74  71  40  95  15  23   7  62  27  66  92  69  91  58  60  14  97   4  83   9  47  85   3  31  26  55  99  92  30  86  33   5  58  74   0  73  98   7  36  25  73  28  94  64  86  54  79  84  59  62  94   7  47  97  38  74  53  38  67  83  25   0  88  83  75  89  56  73  96  93  98  70  21  92  35   8  47  14  93   7  77  87  14  24  85  53  99  38  91  66  22  16  67  10   0  42   0
  56  15  96  49  14  66  71   7   1  80  54  16  73  62  93  61  76  18  46  30  17  84  21  83   6  38  51  17  38  93  17  95   9  13  45  23  80  17  30  82  97  85  98  70  47  91  31  24   9  78  54  27  62  76  11  68  14  62  86  53  55   3  49  64  17  94  88  98  12  18  80   9   3  79  80  51  71  12  75  80  90  30   8  52   6  19  21  21  81   8  75  37  12  24   2  30  19  90  28  31   9   9  40  13  88  21  64  59  33  40  40  23  70  49  76  76  68  98  98  50   6  73  87  18  98  90  48  17
  81  77  48  90  86  89   3  75  11  68  35  44   8  75  68  78  24  45  55  93  43  54  43  50  28  31  68  26  21  17  43   3  94  92  93  81  82  97  56  93  65  91  38  74  67   6  52  92  51   8  86  95  62  29  45  90  61  13  17  82  31  60  85  25  53  79   7  35  77  63  29  42  55  67  16  23  73  69  16  25  78   2  20  40  32  65  31  93  79  49  76  10   9  62  36  63  41  43  99  18   7  28  61  63  95  77  87  69  47   3  95  25   5  15  66  37  81  98  31  60  47   7  71  57  69   8  20  11
  52  20  29  59  48  91  23  44  69  10  14  16  13   9  41  19  25   8  57   6   6  88  67  53  96  39  11  65  47  32  76  99  52   6  59   0  98  82  45  67  93  59  83   7  69  25  27  95  33  84   1  40  73  69  94  69   9   5  35  56  37  12  56  89  19  16  90  17  99  36  84  92  95  68  99  65  94  26  60  27  11  62  68  85  32  62  55  41  68  90  98   6   3  54  95  22  70  86  40  69  22  25  62  18  93  62  83  87  88  44  15   0   6  84  85  38  46  40  80  15  31  78  21  34  33  17  57   4
   3  97  74  26  22  36  44  16  98  28   3  87  72  19  87  79   3  73  18  50  13  98  65  44  77  87  79  10   4  36  14   8  33  89  34  56  25  78  72  24   6  76  12  79  95   0  58  99  73  76  49  87  75  15  31  52   2  10  62   7  47  77  15  80  66  49  37  92  28   9  17  35  85  29  14  81  30  72  80   3  49  30  90  24  46  22  76  49  33  39  56  80  16  71  61  83  21  98  75  49   7  93  84  93  23  99  75  53  71  56  57  21  87  48  45  33  70  22  82   4  61  39  84  78  11  46  61  32
  44  37  82  52  30  67  46  53  66  21   6  37  77  63  59  64  11   5  98  82  27  81  86  89  20  71  67  31  17  29  64  62  66  46  14  96  13  60  50  79  82  56  17  59  20  77  24  32  82  23  15   9   4   1  99  24  73  67  56  91  96  20  53  63  66  67  60  80  28  10  59  11  67  77  70  88  54  95  20  36  18  35  46  23  37  46  47  10  13   3   1   9  23  55  73  90  23  33  70  52  43  30  63  11   8  34  99  62  29  20  99  48  55  46  71  93  92  19   4   6  22   6  16  46  61  89  37  84
  22   7  36  66  38  99  77  46  33  77   9  63  97   9  12  53  55  83  46  48   3  51  54  25  57  70  72  18  59   9   3  82  17  40  48  56  40  26   3  74   4  12  37   1  22  49  55  78  33   2  27  36  53  81  62  10  52  35  29  12  45  33  94  63  73  43  19  13  70  22  87  74  35  25  76  58  75  31  36   8  33  63  45  86  45   8  97  97  43  26  10  88  59   5  52  33  48  71  46  19  94  34  94  30  59  70  88  34   1  24  43  35  88  89  22  33  97  19  31  41  46  41  30   5  46  82  38  95
  53  85  15  48  19   9  78  79  80  66  14  82  90  58  17  79  47  39  12  45  58  43  86   4  85  16  10  31  98  49  27  52  34  42   0  54  52  78  34  32  45  48  14  35   7  31  15  54  71  27  99  30  71  86  35  56   2  45  88   1  95  16  53  30  59  54  84  11  33  19  43  78  68  58  14  75  90  29  29  61  56  29  91  28  16  27  85  18  73  74  19  68  90  73  98  50  28  83  61  61   2   5  39  70  64  53  46  54  83  75  15  40   5   7  68  21  34  54  40   8  28  60  76  19  34  75  69  62
  58  31  23  61  37  63  32   1  17  78  56   0  54  72  40  60  79   9  82  14  63  23  22  92  83  99  12  17  75  82  80  34  13   4  95  51  67  28  53  84   7   9  85  62  82  26  22  61  35   5  76  99  28  99  91  11  99   3  29  74  85   9   8  99  14   4  51  81  32   4  66  40  14  52   2  96  78  24  58  13  29  35  13  57  35   4  69  34   8  98   9  94   8  17  93  22  21  45   4  54  49  71  94  64  23  96  61   2  21  20  16  51  56  29   9  91  34  78  26  42  77  35  36  86  52  30   9  74
  75  13  29  25  85  24  90   8  20  52  10  42  72  26  93  28  56   2  20  90  81  46  32  58  81  69  44  34   0  53   9  76  67  38   1  52  62  92  61  83  44  72  26  17  99  20  46  55  22  66  45   4  13  78  63  94  48   7  29  49  61  38  25  29  76  26  81  39  19  43  22  63  15  48  80  15  68  26  70  91  93  16  96   6  95  59   1  44  67  30  93  28  68  18  57  45  45  39  84  64  82   7  28  98  56   8  13  25  35  84  17  28   0  13  35  96  73  36  40  40  66  34  68  34  53  26  80  98
  66  64  63  48  72  91  47  28   0  60  54  36  44  71  64  45  85   0  41  58  36  82  98   2  16  67  37  69  94  17  68  60  82  32   9  55  24  57  83  24  17  38  61  62  10  25   7  95  26  49  54  62  31  52  64  48  20   2  18  15  20  86  76   2  19  85  57  43  42  41  68  60  80  29  23  90  55  30  85  81  80  39  43  11  92   8  60  13  11  78  28  31  65   4  34  84  90  92  28  33  34  96  94  14  25  17   4  81  47  90  62  28  30   6  39  22  15   0  36  26  78  64  57  43  69  92  28  59
  84  56  93  18  53  87  32  79   4  37  60  52  27  23  80  57  30  20  80  45  20  16  72  98  81  29  42  50  22  70  10   6  27   3  24  80  90  57  59  95  94  19  47  21  43  28  79  73  48  60  18  68  76  90  67  58  20  10   8  42  80  19  48   8  22  73  88  13  30  47   8  24  67  56  46  10  84  26  83  33  86   2   2  63  93  69  21  13  79  30  56  60  49   4  69  72  78  57  85   8   5  94  33  73  50  80  84  35   6  68  68  93  70  70  56  63  40  78  77  20   8  33  81  58  38  50  30  16
   8  15  25  14  10  58  87  60  38  72  96  44  40  64  38  10  35  94  74  76  73  51  96  82  85  77  40  23  28  71  40  37  87  65  51  97  23  39  58  62  11  54   7  51  19  45  62  54  40  36  30  14  88  27  96  74   5  37  97  34   8  38  71  96   3  22  93  27  61  52  90  72   6  97  24  26  43  86  81  83  22  12  97  11  39  94  85  45  31  83  79  40  21  50  37  25  72  30  53  34  83  43   7  89  41  31  16  84  17  97  68  40   9  66  51  49  60  37  94  92  21  73  33  43  23  70  68  96
   1  22  30  84  66  37  74   7  68  90  92  85  87  60  26  96  26  77  45  87  15  40  80  36  13  13  79  37  83  48  33  85  71  64  69  37   1  43  44  70  33  36  56  21  97  82  17  24  60  63  11  76   3  91  12  17   5  92  54  88  41  87  73  12  52  43  49  53  86  94  24  20  30  80  41  28  63  59  52  24  22  64   0  26  55  12  44  60   5  98  49  46  86  23  58  38  66   8  92  53   2  16  74  33  97  15  61  61  74  13  85  97  78  85  24  33  98  68  94   3  67  44  50  53  68   9  92  35
  17  84  88  20   1  62  53  98  78  15  60  53  28  45  51   7  30  75  41  28  44  35  32  12  80  83  65  48  92  58  83  10  42  72  30  44  35  84  43  13  99   3  66  28  48  18  35  79  93  76   8  38  12  40  50  92  23  16  41  16  74  25  27  17  97  57  61  32  42   4  46  41   7  13  69  56  31   5  35  25  81  43  63  93  84  13  86   8  30  27  25   4  52  52  21  50  10  83  83  52  87  29  94  95  42  64  51  74  69  87  99  51  31  62  45  15  76  31  24   6  59  49  11  12   1  33  62  11
  16  46  64   4  75  58   0  18  23  52  92  92  39  91  44  71  53  89  86  30  20  11  37  80  60  48  93  61  82  56  73  98   2  38   3  77  97   4  96  20  56  88  13  96  79  57  67  33  46  54  64  67  65   1  48  25  50  41  87  32  97  61  31  99  99  35  77  96  39  73  17  95  61  30  92  41  87  59  75  34  14  39   1  80  41  49   5  91  90  93  23  88  55  55  87  55  90  64  52  29  38  69  25  99  99  17  41  87  77  16  21  91  56  23  72  98  73  78  89  64  71  13  52  26  68  40  81  58
   4  33  88  43   3  13  42   3  30  84  90   8   1  12   0  58  36  72  56  10  50  45  74  22  59  27  48  27  67  30  86  72  64  74  15  68  87  58  71  18  42  62  26  43  75  26   2  11  98  58  21  49   4  96  71  63  23  20  90  90  51  77  62  15  51  78  84  39  36  55  57  78  17  84  22  92  10  24   4   9  83  25  59  87  22  30  50  45  50  41  36   1  18  98  17  69  76   1   8  13  57  66  91  74  50  14  67  61  39  71  71  22  97  30   9  19  60  60  65  11   1   1  13  19   0  30  89  76
  32  97  90  89  64  81  64  15  96  31  76  35   2  48  58   0  78  68  19  39  28  84  50  29  85  64  48  85  94  37  62  27  35  52  16   0  34  80  15  30  11  92  66  14  40  25  14  19  93  33  58  21  18   9  50   3  73  99  89  68  37  52  95  73   4  12  74  39  92  89  70   4  82  37  18  23  62  32  42  55  66   1  76  84  11  27  88  85  27  78  53  64  30  49  38  35  61  12  75  53   2  45  58  85  82  76   8  44   9  50  99  76  52  76  61  63   4  50  48  31  28   2  96  59  51  34  95  13
  47  70  67  50  15  25  35  98   2  43  43  11  94  43  87  46  19  48   9  23  98  58  54  27  60  51  86  12  85  82  25  33  52  93  83  68  18  18  66  20  62  10  32  56  53  19   2  72  68  12  96  67  70  51  94  31   2  81  43  88  63  69  21  15  62   5  84  81  24  50   2  87  60  34  43  14  54  46  86  22  58  83  90  29  35  84  60  37  66   4  26  29  74  48  45  37  54  29  19  78  80  21  65  41  55   9  55  10  55  42  32  14  25  22  43  61   7   4  98  73   9  25   3  83  73  48  21  27
  77  40   6  58  61  71  99  17  81  54  27  36  97  60  50  23  83  94  84  91  98  83  65   7   8  68  91  82  16  13   9  94  53  15  52  15  87  51  33  68   6  61   5   3  22  56  27   6  50  11  97  49  94  62  56   2  30  48  85  47  61  94  41  15  10  94  30  98  45  64  67  52  25  72  56  47  28  83  53  79  95  51  28  89  14  85  92  45  33  77  92  95  72  34  11  83  28  42  81  74   6  48  27  31  21  83  79  50  67  33  29  62  84  57  52  99  42  45  44  76  23  36  72  95  70  83  78  99
  25  60  73  31   8   0  63  30  84  43  80  52  76   9  14  61  66  67  60   9  12   4  86  36  41  58  31  12  42  10  11  67  70  84  99  79  85  63   9  69   6  89  22  83  99  36  44  65   4   4  75  17   9  61  53  50  20  85  62  62  96  73  30  66  58  30  46  44  93  55  14   0  45  36  83  44  73  28  10  77  32  86  95  42  47  48  92  68  34  55  30  30  29  61  97  88  91  43  32  85  99  47  85  44  83  69  89  57  97   0  34  30  86  29  72  34  78  65   2  12  21  33  43  50  94  40  39  86
  83  71  72  82  19  58  27   2  27  17  59  25  17  94  55   4  24  28  38   3  94  41  16  15  74  59  66  69  99   5  56  83  77  28  66  96  86  94  99  14  11  59  39  29  53  94  34  78  23  72  81  17  13  97  33  88  57  99  57  56   5  14  40  82  42   6  79  28   0  78  42  12  37  82  41  91  77  76  69   0  48  51  18  62  49  52  51   6  51   8  63  57  23   3  39  65   9  19  94   9  97  37  22  34  19  63  26  96  39  95  97  88  47  16  51  96  68   2   2  20  11  65  77  34  68  17  99  78
  36  94  88  34  31  10  69  51  74  95  47  14  91  45   2  38  61  53  34  30  56  37  50  67   3  28   1  72  45   1  50  82  95  38  16  26  49  85  77  23  80  25  37  72  71  39  10  32  93  45  62  49  83  13  16  86  41  18  58  87  19   9  69  14  48  86  41  97  71  19  20  52  44  57  24  15  97  35  48  90  80  11  40  63  24  57  50  66  75   9  53  95  18  23  10  67   9  51  64  80  70  84  33  15  42  58  31  39  93  80  30  74  91  71  38  16  28  88  82   4  97  36  99  16  59  10  83  68
  61  48  49  32  32  82  48  75  41  79  15  35  59  45   9  51  16  48  67  45  36  50  49  34  86  49  51  45  60  35  13  21  83  63  54  15  45   2  91  87  82   6  22  42  51  31  94  68  79  62  14  16  12  63  51  99  13   3  44  73  38  58  95  21  21  50  37  67  53  28  54  36  34  76  79  86   8  73  55  88  35  69   5  47  33  57  47  47  60  91  21  98  50  16  19  71  67  56  39  21  85  93  57  19  70  36   6  79   9  61  67  45  30  73  93  63  30  40  11  90  32  32  89  82  48   8  54  16
  65  93  37  51  87  94  70  58  31  77  37  41  38   4  86  69  78  80  33   8  20  44  99  52  76  88  34  25  97  89  41  63  82  79  14  70  74  85  28   5  62  65  47   0  70  34  70  48  14   3  56  34  48  55  87  24  44  22  50  41  11  91   4  93  71  18  63  45   3  92  51  65  57  98  66  27  32  37  76  47  41  33  81  89  89  68  13  33  90  63  74   1  55  79  95  27  97  59  72   1  51  24  67   9  22  33  36  55  71  13   2  12  46  84   1  35  53  15  68  43  79  43  45  35  22  41  62  20
   1  34  21  52  58  88  61  81  22  98  37  93  11  40   6  58  25   7  93  78  23  62  22   2   5  68  37  28   9   0  48  11  34  70  63  93  59  25  75  81  24  13  75  36  54  82  94  79  89  88  58  13  50  80  16  56  49  54  84  59  54  33  70  89   3  34  83  62  60  59  44  84  72  20  21  27   2  15   7  92   3  65   5  54  46  21  10  95  75  95  55  29  28  25  18  32  59   1  94  20  61  39   4  33  59  25  61  61  41  68  53  45  34  59  99  80  80  10  76  56   5  31  85  34  57   4  66  17
   6  61  37  67   0  41   1  59  67  62  21   9  31  75  54  65  34  54  46  14  64  23  70  70  55  56   4  12  61  70  29  67  31  67  35  32   9  37  92  76  99  13  86  31  88  40  97  23  95  43  38  59  67   8  30  22  65  34  35  26   5  65  94  37  32  30  69  41  67  61  17  67  75   4  98  64  45  95  87  40  39  25   0   6  34  30  29   0  64  64  27  69  29  21   6  61  52  76   2  19  38  20  87  13  25  86  77  70  82  65  10  21  90  10  28  25  41  57  25   6  22  52  75  52  74  82  14  26
  59  17  46  97  38  33  10  63  20  88  33   2  53  44  23  44  55  52  69  96  10  94   2  32  46  78  85  20  61  99  47  20  16  93  17  54  27  28  18  47  16  51  50  70  95  74  14  51  26  83  47  36  78  50  69  24  29  54  45  90  54  92  11  71  86  29  25  14  57  43  62  74  95  12  45  91  86  59  42  13  43  90  49  21  41  19  46  70  74  92  61  29  84  72   0  71   1  25  85  59  69  48  34  65  60  79  56  47  39  99  60  82  89  10   4  31  29  51   1   4  43  63  33  27  35  33  99  37
  59  85  97  28  33  31  94  93  10  50  40  49  49   1  32  39  11  36  70  40  88  72  45  31  36  78  59  72  12  58   9  71  43   7   0  76  38  94  70  49  44  11  98  94  12  31  34  23  67   5  64  56  78  10  87  14  88  46  86   0   5  96  72  48   3  72  25  42  66  96  91  11   7  90   6  20  21  40  44  89  45   8  45  23  18  32  38   7  79  25   8  84  21  80  33  25  53  59  67  20  55  59  31  63  49  38  83  70  78  27  59  24  36   5  48  55  37  86  62  16  11  71   0  33  51  34  59   5
  93  26  25  48  86  57  11  35  95  95   6  73  22  66  98  58  71  46  13   9  33  76  25  45  47  26  78  99  61  37   4  54  64  29   3  51  86  15  87  81  10  94  55  32  60  53  91  32   0   4  41  33  80  67  79  27  94  58  27  55  95  31  10  60  61  13  12  47  29  99  29  39  93  85  72  54  38  63  86  39  67  28  72  48  96  51  76  90  10   3  46   5  34  56  66  96  70  78  43  99  78  73  39  71  58  11  25  97  74  12  36  42  40   9  91  36  61  67  27  71  70  73  77   5  30  43   1   0
  22  45   0   1  19  39  72  77  51  98  74  26  10  11  69  50  20  60  86  81  27  13  52  98  87  29   3  17  73   5  18  96  50  18  97  69  58  70  47  10  68  22  36  78  33   5  28  53  65  15  35  93  29  87  91  17  17  95  34  91   0  53  88  51  72  85  21  30  56  69  41  24  91  77   2  24  83  31  78  49  47  13  42  77   1  34  94  19  30  29  11  30  82  99  82  54  85   4  85  41  73  26  65  64   4  68  89  87   0  68  37  47  82  79  25  83  14  19   3  44  48  14  75  30  13  58  85  98
  62  70  40  36  96   6   0   1  74  90  88  75  58  25  22  41   5  47  24  20  67  28  64  15  42  40  46  56  98  31  55  61   2  95  97  99   1  98   0  76  88  88  51  47  14  74  88  20  22  13  40  89  42   4   5  84  45  52  41  43  84  97   4  86  92   1  85  94  99  85  71  88  74  23  36  88  97  24   9  20  38  49  10  80  54  16  65  99  68   7  42  52   4  47  39  97  49  24  92  48  10  63  37  84  86  73  73  84  98  82   4  37  32  14  17  86  30  82  85  99  89  28  52  94  75  91  91  24
  16  83  73  26  46  11  11  33  85  85  17  83  68  22  20   0  36  38  86  67  21  72  67  11   0  19   5  76  11  96   0  27  80  74  54  27  85  66  60  70  51  78  54  20   0  75  20  37  13   7   5  34  79  72  46  80  92  51  56   3  48  57  31  29  31  85  56  17  52  17  87   4  95  42  24  96  17  45  33  30  52  39  65  32  11  11  13   3  63  69   7  12  26  38  41  58  24  98  75  76  15  63  81  11   5   5   7  22  51  40  53   4  79  19  36  91  30  50  95  94  19   2   7  46  41  48   5  66
  46  80  43  62  43  24  73  49  30  80  71  81  21  25  85   1  44  21  92  75  72  88  69  92  91  76  38  33  25  43  99  72  24  42  34  68  67   7  17  97  87  89  78   8  15  63  10  59  85   2  34  57  91   4  49  82  81  88  15   6  32  15  78  56  57  13  25  24  20  43  21   8  33  99  17  48  63  27   7  48  30  42   5  21  46  55   4  28  43  19  34  75  34  13  32  92  26  57  17  47   1  38  55  34  38  72  82   1  99  90  50  29  32  55  51  78  11  55   7  54  75  41  30  10  55  62   2  82
  20  20  30  21  59  85  55  97  58  38  99  58  28  50  87  60   6  39  39  17  95  46  71  70  88   1  81  44  64  83  27  85   4  57   6  63  42  62  61   1   1  60  59  29  10  47  89  17  86  29  34  81  76   6  52  64   8  33   9  72  17  36  57  21  93  64  84  36  27  45  37  28   6  96  57  17  43  47  34  30  76  69  12  53  75  64  17  83  98  27  55  16  63  13  37  57  77  22  93   4  68  31  32  75  28  90  92  72  37  27   2  14  96  15  67  71  80  85  54  78  13  10  94  76  23  32  33   1
  54  27   6  22  58  39  98  86  29  90  59  67  18  61  82  14  76  50  86  57  36  41  35  49  51  30  26  75  62  60  77  17  87  83  40  46  23  38  33  53  29  92  21  47  54   3  62  31  54  48  88  90  90  23  40  42  54  66  17  16  26  95  34  14  79  74  60   2  12  94  55  42  86  76  89  41  80  51  72  34   0  60  25  91  84  65  33  38  31  51  55  58  46  90  72  25  64  33  28  77  27  84  19  14  61   9  55  41  61  28  76  62  88   1  53  73  67  87  12  98  38  67  57  85  58  30  11  22
  63  39   0  91  24  20   6  85  29  62  27  91  90   4  53  79   5   7  52  72  94  64  71  33  32  29  18  90  59  29  13  23  69  13  14  93  34  21  79  64  83   7  55  74  11   9  53  17  16   5  90  11  70  62  44   2  91  63  93  50  93   7  73  63  20  88  56  55  10  36  19  93  43  75  68  55  84  21  72   1  27  62  13  97  24  58   0  16  21  94  67  15   1  41  78  22  30  35  77  40  71  97  34  15  72   2  70  57  23  43  59  50   6  73  48  31  31  48  47  53  42  14  68  44  55  46  66  86
  81  43  26  53  41  60  68  13  62  39  71  86  82  31  37  88   4  85  19  35  34  67  88  77  82  56  21  38   3  87  24  84  31  50  38  72  11   6  86  74  46  58  60  29  89  97  18  93  83  38  28  18   5  17  95  87  74  17  25  77   5  49  62  37   0   0   9  11   7  96  85  53  54  46  83  43  44   1  36  27  39  65  46  44  82  41  32  57  59  58  34  64   7  97   1   7  98  11  19   5   7   4  59  61  51  42   5  95  44  41  23  83   7  69  28  90  11  61  47  70  19  82  35  26  79  36  34  78
  48  54  83  56  59  43  18  10  86  23   5  30  65  29  14  72  98  43  62   9   4  10  79  23  92  15  50  72  52  84  50   0  39  34  56  98  77  74   8  63  98  14  94  63  43   9  35  42  52  98  51  56   8  31  80   0  46  30  73  98  15  23  99  54  57  56  52  34  31  61  98  29  76  93  92  20   2  28  62  55  26  13  11  34  44  91  35  91  22   8  90  37  32  89  91  89  46  44  24  77   6  23   6  82  17  98   3  19  26  65  75  53  78  86  88  23  78  23  15   1  32   5  38  64  95  30  53  41
  75  78  18  81   1  25  64  18  24  67  38  51  33  13   4  11   0  92  35  79  16  50  80  48  56  19  13  52  50  67  93  25  45  12   7  47  38  72  66  62  40   4  13  73  18  17  84  19  10  20  98  26  71  79  75  27  99  88  79  49  55  73  74   1  86  81  48  24  54  14  86  94  19  99  67  37  17  52  56  27  73  55  53  44  34  29  71  33  17  51  82  73  25  57  74  11  39  23  36  93  37  22  87  56  22  55  93  39   8  50  67  81   5  21  25  40  50  97  73  68  49  56  41  74  13  16  86  53
  39  22  46  76  44  34  33  67  90  27   7  98  77  74  79  82  95   4  22  45   1  96  14  50  53  56  25  67  72  11  20  12  33  66  89  78   1  22  45  91  49  52  89  27  26  68   9  22  73  32  68  75  29  82  26  82  38  51  49  10  62  69  23  96  36  12  74  37  35  20  29  84  72  18  12  99  87  21  21  60  54  89  36  83  71  62  66  10  13  15  21  76  85  44  73  21  56  47  59  91  67  88  76  40   7  88  39  94  10  61  55  65  51  91  49  22  54  15  33  68  31  54  45  16  98  18  38  55
  66  97  47  34  86  24  74  93  12  14  88  23  76  44  89  27  36  38  50  90  54  83  59  85  37   4   2  36  23  40  91  89  37  39  23  24  63  98  17  76  13   6  99  89  50  88  16  87  27  66  78  81  49  37  66  87  41  69  23  64   9  15  54  47  54  78  71  17  76  89  93  90  95  93  79  46  82  96  33   9  63  11  90  13  49  57   0  91  26  24  55  35  39  10  82  93  88  54  11  65  43   5  55  38  98  34  85  80  30  19  89  94  31  80   7  80  37   7  71  63  31  27  99  70  37  82  64  25
  36  76  90  79  81  46  18  79  80   4  60  11  23  50   5  54  30  12  34  67  20   6  31  52  33  30  23  71  12  87  97  49  64  88  28  45  34  47  25  14  51  85  26  74  36  32  29  66  45  63  34  65  69  65  18   3  96  41  74   9  29  71  58  93  59  87  38  93  34  64   8  85  50  34  60  86  67  89  52  12  53  86  78  23  52  96  26  48  37   0  57  67  72  15  60  31   2  99  25  37  63  33  22  13  68  83  99  35  72  52  48  26  38  26  49  90  23  76  39  61  76  97  28  49  12  88  81  15
  87   6  53  50  40  76  64   8  59  63  44  32  16  93  58  54  19   8  45  43  84  85   4  61  82  32  10  95  20  91  11   8  98  64  59  38  40  23  47  99  87  92  32   3  85  91  58   5  99   4  48  83  89  52  44  72  85  55  67   6  47  78  14  45  43  74  84  83  98  32  83  86  24  15  90  10   6  48  15   5  53  63  89  43  16  34  15   2  89  83   8  37  62  23  82   5  97  67  88  95  99  72  81  24  87  71  34  94  20  49   0  74  13  89  17  30  23  33  32  13  16  40  50  78  63  33  84  61
   0  73  56   0  45  38  24  32  10  58  27  31   8  27   5  21  16  22  52  40  56  84  54  72  25   4  51  89  38  35  50  39   8   6  39  53  45  63  86  55  22  13  86  31  41  92  53  58  15   5  98  71  90  52  44  15  57  95   4  95  31  54  34  39  61  74  93   6  38  80  62  61  93  49  92  35  41  45  93  57  50  91  28  40  44  72  56   2  68  61  98  99  15  33  39  77   8  32  84  46  12  46   7   6  96  99  41  37  45  35  95  95  26  23  36  71  96  93  74  65  54  73  64  70   6   3  47  14
  36  31  61  49  77  68  55  74  68  97  11  13  32   7   9  59  30  45  31  27  39   6  92  93  79  57  63  85  61  10   0  97  42  61  46  20  30   2  94  98   0   6  12  32  13  21  92  44  67  24  71   6  30  64  99   9  21  62  95  82  73  96  80  15  57  26  35  88  29  30  87  29  36  99  62  49  20  55  93  87  79  64  93   9  29  93  19  50  56  14  33  29  10  13  45  68  40  81  57  69  11  44  99  47  43  62  97  64  17  90  52  97  55  45   6  84  39  25  35  95  40  68  24  50  82  70  19  22
  52  76  92  63  20  92  11  64  54   8  28  72  99  81  69  55  27  75  39  66   1  75  61  42  44  86  92  26  56  12  49   8  88  42  72   9  34  84  73  88  93   2  60  92  83  30  47  11   5  87  77   7  62  38  49   6  25  42  33  81  54  82  90  43  24  63  52  59  47  26  48  40  29   9  33  13  39  80  24  45  68   2  52  30  40   2  37  65  44  71  47  99  53  38  43  78   1  96  38  49  23  86  90  53  95  23  66  34   4  91  79  72  93  32   3  34  34  40   0  79  11  47  79  65  86  23  44  88
  19  83  37  42  69  27  95  65  51  62  99  55  54  79  27  48  12  30  82  47  71  82  27  83  30   6  49  17  29  93   5  49  76  43  92  46  71  88  11  22  50  11  77   5  91   5  53   3  35  35  50   7  18  77  90  49  84  39  66  14  33  71  64  10  15  56  56  86  44  68   9  95  80  87   0  71  92  53  74  28  89  25  35   7   3  26  56  88  65  22   2  99  94  66   9  10  23  66  96  67  35   6  62  15  93  63  86  85  16  61  13   5  87  49  13  90  75  69  78  41  92  81  40  87  48  50  97  71
  16  94  39  51   1   1  67  94  65  53  79  81  15  93  87   2  43   0  93  19  70  71  60  63  53   1  50   2  52  48  73  69  43  12  21  44  14  88  39  79  41  19  61  56  12  48  59  56  49  52  75  19  24  36  82  77  38  33  79  90  82  53  59  25  65  80  70  80  69   9  60  10  28  21  67  41  70  26  98  19  79  73  39   3  10  21  80  48  55  60  38  37  13  98  63  79  78  33  60  47  43  20  58  72  42  26  14  12  53  12  32  32  86  71  36  96  93  16  44  48  77  82  85  91  80  48  71  59
  82  31   7  26  52  66  99  95  93  13   7  47  26  40  79  12  11  15   8   4  32  52  52  10  35  38   1  16  86  73  76  69   5  84  96  57  50  95  53  44   9  61  91  35   1  71  47  12  87  56  17  19   8  70  30  44   8  32  60  95   5  36  64  10  20  61  68  71  56  21  16  65  82   7   1  84  78  49  96  65   5  14  85  13  84  15  58  92  48  18  87  53  55  52  64  75  13  33  47  70  54  63  36  37  71  37  21  49  86  18  15  92  32   0   6  16  16  64   9  65  82  97  19  37  49  83  13  63
  16  61  34  71  24  70   9  95   7  30  45  94  49  60  86  81  61  92  98  78  56   8  44  39   5  63  77  55  46  90  19  63  51  53  34  76  23  44  72  31  75  17  26  24  78  13   6  40   6   5  19  63  13  63   2  19  26  80  75  73  70  94  36  22  48  71  99  72  15  71   3  90  89  30  14  68  44  21   8  50  26  28  13  40  91  16  59  18  96  34  91  67  29  27  90  77  98  89  49  14  60  53   5  50  83  19  18  28  41  27  78  67  55  92   7  47   9  67  65   6   1  56  73  30  83  64   8  82
  53  57  97  14  11   2  64  95  22  83  23  63  10   1  30  65  94  38  12   3   5  77   9   6  34  83  37  17  47  46   0   0   3  97  14  14  99  79   9  21  62  32  84  72  34  15  38  28  53  51  32  58  29  41  65  63  25   3  81  72  49  82  73  53  79  88  68  79  68  78   0  30  11  85   3  45   1  42  74  54  94   6  13  24  48  79  87  73  82  69  46  32  51  20  85  31   8  53  10  76  31  11   7  42  97  11  88  98  53  62  52  48  69  66  72  17  45  60  91  28  29  37  60  81  57  45  12  66
  99  23  43  30  35  50  73  32  61  62  30  15  24  83  63  94  49  35  11  95  95   3  23  25  40  83   7  98  28  20  65  27  43   8  58  78  58  32  11  20  94  41  36  18  25  99  13  74  35  25  69  31  28  93  57  69  76  64  67   4  84  32  32  28  41  91   7  99  23  18  20  17  60  56  35  85  56  49  60  92  74  30  23   2  23  81  71  99  45  39   4  30  72  37  59  13  28  66  13  51  85  33  68  46  90   4  32  47  53  93  39  27  24  63  29  47  44   0  47  90  40  52  20  12  89  80  25  18
  46  38  69  32  72  37  79  63  42  12  10  95   5  50  22  30  13  52  78  58  53  26  48  93  78  69   5  68  49  31  86  96  69  56  29  41  94   8   5  36  21  15  31  27  65  54  57  79   7  35  37  60  61  85  54  40  54  59   8   3  90  95  99  60  52  28   2  46  37   7  83  58  23  15  85  88  69  43  67  77  78   4  37  40  90  91  80  44  51  89  48  42  85  47   3  37  76   5  84  14  13  67  72  36  82  58  24  52   2  92  29  80  97  67  21  87  58   1  31  10  91  79  53  76  27  56  14   4
  62  98  18  75  65  91  11  47  50  36  99  52  29  28  33  26  96  54  13  54  56  45  65  47  25  19  23  53  75  37  57  38  36  75  13   1  66  25  48  16  62  48  69  92  77   2  18  73  56  32  28  12  78  94  60   3  13  84  56  89  22  14  27  58  89  40  59  56  66   8  73  28  57  42  20  34  45  39   8   2  72  37  14  50  31  75  54  45  59  11  34  81  25  61  39  15   2  98  71  68   7  45  97  64  87  18  99  32  58   8  34  30  45  49  81  77  25  36  22  84  47  56  65  73  18   5  88  20
   4  59  89  11   4  86  76  92   5  75  25  64  83  60  94  29  10  76   6  35  12  28  20  60  84  85  33   3  91  21  23  95  81  12   6  86  99  83  78   5  58   4  69  42  64  63  71  75  40  77  10  52   6  30  12  91  16  46  94   7  67  17   3  49  30  10  35  29  93  14  34  52  18   3  94  83  67  66  58   8  43  69  61  50   0  73  41  16  20  35  24  87  53  27  36  83  37  72  13  31  86  47  83   4  51  77  88  19  43  46  27  87  16  88  38  16  62  79  33  82  15  57  70  68  85   7  51  23
  79  65  54  66  12  37  71  64  15  59  84  59   6  12  47  23   1  85  39  63  64  72  46  79  30  17  47  15  25  99  38   5  64  93  71  77  30  43  42  46   3  26   5   9  39  52  32  40  38  72   4   2  44  51  82  74  68  30  90  94  30  29  99  95  22  71  72  53  14  15  99  17  42   5  27  81  57  60  21  95  32  26  98  77  77  81  52  46  11  42  40  41  71  39  36  94  11   9  47  25  24  46  43  67  51  70  48   9  30  70   5  63  96   4  40  74  85  92  20  96  35  60  38   7   0  75   1  11
  84  48  37   9  95  80  76  46  50  25  56  81  96  61  44  92  65  85  67  51  78  87  47  13  48  86  20  48  61  22  60  45  70  97  55  65  77  32  12  28  57  68   9  53  30  54  46  96  39  13  47  17   1  95  31  49  82  52  98  43  74  59  89  45  56  44  11  34  76  23  63  34  92  72  87  23  27  34  20  66  48  68  84  49  63  15  99  45  67  98  89  41  57  78  87  14  23  98  49   0  22  12  34  15  85  22  38  12  57  58  78   5  26  63  55  90  78  54  36  45  53  25  87  11   4  74  26  28
  72  75  28  95  87  63  10  73  86  48  85  43   7  64  49  34  27   4  25   5  59  62  51  12  88  39  23  92  13  49  20  86  25  49  81  13  13  92  86  99  40  71  43  48  36  92  83  63  96   9  69  56  71  20  68  59  59  92  52  73  42  72  60  67  22  42  81  35  34  67  34  75  39  78  24  75  70   7  39  67  16   8  23  87  29  92  47  88  84  99  62  27  71  22  94  94  64  76  29  99  43  64  74  83  42  98  59  13   6  99  80  22   7   3  10  36  96  57  25  80  56  87   7  28  10   2  22  74
  79  52  73  23  17  48   6  60  46  66  73  53  65  54  75  72  58  86   9  54  43  34  35   0  22  43  28  32  45  51   7  25   4  80  48  22  29  54  82  76  21  56  29  86  11   5  59  69  91  69  24  34   3  59  35  25   2  64  58  48  15  65  73  20  46  21  42  75  76  25  51  97  81  81  84  92  86  43  62  77  12  87  12  16  46  47  42  49  11   0  98  27  65  72  47  12  94  90  87  70  15  39  68  97  20  52  90   7  96  52  85   9  39  97  25  86  45  68  36  57  68  34  84  34   7  32  46   1
  22  34  72  38  74  40  35  95  93  25   2  90  78  87  99  18  85  25   4  30  93  40  88  62  75  73  97  82   5  44  84  28  78  56  67  52  97   2  47  91  28  50  81   6  38  81  24  23   6  29  54   0  70  42  62  45  15  59  28  21   3  13  49  82  70  17  35  68  19  83  59  47  33  41  54  71  23  78  95  29   7  49  30  77  91  92  23   7  52  52  28  56  65  78  38  35  95  74   3  15  57  63  63  91   5  17  63  28  96  58  58   4   7  88  82  99  80   5   6  33  58  35  89  24  13  28  59   9
   3  63  24  60  26  87  52  32   5  15  60   1  73  18   5  81   6  88  81  87  94  88  21  52  23  10  76  37  39  36  46  42  99  71   3  26  58  56  58  63  71  19  65  45  37  71  27  44  59   8  31  53  97  52   5  20  63  82  58   3  18   5  46  18  76  50  44  34   6   3  98  78  22  63  23  60  35  50   4  94  59  36  47  56  89  53  77  53  35  36  56  54  41   3  72  17  54  17  52  60  21  50  38  44  14  62   4  49  13   9  43  72  46  91  29  35  44   7  88  80  43  45  34  84  49   6   2   3
  24  54  64  45   5   2  89  19  64  93  69  77   3  13  50  49   4  80  84  49  87  73  29  31  19  64  15  69  71  18  72  95  72  36  40  77  39  29  97   4  22  66  82  26  79  32  75  84  12  60  33   0  33  63  31  53  27  47  22  98  65  95  93  38  32  34  15  71  63  12  76  86  79  58  12  59  90  87  43   3  47  77   3  81  41  35  34  69  82  57  68  47  53  62  85  85  96   1  57  59  14  33  45  93  91  57  53  82  45  97  85  92  74  89  74  15  24   9  85   7  66  53  54  19  15  40   5  11
  42  62  70  56  95  16  50  87  73   3  69  19   1  55  12  75  45  86  91  69  95  76  77  61  30  31  81  45  72  86  56  14  49  27  71  45  43  22  32  17  26   2  36  27  58  48   2   3  34  94  73  30  71  50  92   1  82  73  46  54  60   3  69   9  30  41  55  73  63  87  90  89  90  27  16  48  76  19  51  11  14  24  41  85  75  33  87  57   7  33  12  68  36  82  78  67  23  33  40  87  21  31  77  11  59  94  59  35  14  11  46  28  36  87  14  11  21   1  69  29  34  81  97  71  64  75  38  87
   9  79  75  30  11  52  41  70  47   0   5  61  11  52  90  48  40   4  59  61   5  28  90  40  10  88  12  74  64  51  62  73  30  37   3  42  90  44  12  38  45  18  99  57  70  89   5  10  93  64  72  99  93  63  39   3  51  52  78  15   3  40  88  34  78  92  76  69  36  88   7  82   7   6  39  78  96  45  88  90   9  61  89   3  25  29   7  77  81  85  92  85  25  81  19   3  74  95  72  11  84  80  93  91  86  32  69  83  78  58  73  88  20  63  91  45  92  98  22  74  83  15  59   9  97  78  13  71
  73  86  82  57  66  75  49  53   8  18  36  86  77   9  74  97  72  66  42  65  64  64  40  48  79  99  57  77  78  71  48  52  57  30   9  23   6  59  76  14  77  12   1  55  22  76  52  95  42  94  60   7  59   0  55  39   0  13  16  78  84  64  30  42  95  40  65   1  99  42  16  77  55  18  32  77  94  85  73  37  79  34  44  38  35   0  78  35  14  94  14  98  59  45  41  54  85   7  56  85  49  73  63   4  92  96  82  86  81  55  24  61  90  68   0  25  68  78  61  82  72  75  81  32  21  23  86   6
  30  43  92  79  17  56  84   9  52  66  95  34  22  20  95  13  88  95  38  57  73  99  40  46  75  22  78  96  45  65   3  75   9  96  55  26  52  39  35   5   6  31  40  29  51  36  42  40  31  81  97   5  81  38  52  56  60  31  53   5  97  57  81   6  53  36  33   6  75  68  12  82   0  52  11  52  89  53  93  20  34  90  26  15  28  78  72  89  10  26  94   7  83  76  13  36  12  46  43  88  15  55  70  16   8  81  69  97  35  62  18  70  52  45  86  81  23  59  70  33  85  65  41  68  41  54   5  54
   1  48  42  16   4  12  33  13  94   2  11  29  64  30   0  17  75  86  99  99  45  70  33  30  35  74  99  77  28   4  32  30  52  74  47  57  87  80  70  81  82  82  11  47  12  11  64  87  98  64  86  44  34  20  74  70  94  73  47  23  78  80  53  31  54   0  88  41  80  59  23  63  41  34  10  53  46  75  41  44  39  28  88  73  48  63  44  42  37  91  65  15  72  18  46  26  18  35  68  99  94  91  62  35  26  73  89  72  49  30  17  88  58   6  62   7  70   6  49   8  98  14  24  70  33  71  97  52
   6  65  51   0  57  14  36  83  88  26  56  37  57  74  25  15  80  88  22  50  95  72  59  93  87  83  64  20  54  61  73  60  27  24  61  84  39  98  68  27  24  24  64  81  98  90  97  79  79  20  30  74  92  89  67  80  72  32   0  26  94  74  86  21  99  48   6  38  46  74  65  70  99  30  52  97  21  49  77   0  70   7  74  62  96  42  42  69  74  43  95  68  17  82  90  16  30  96  55  76  71  21  47  70  51  99  68  72  49  46  73  19  53  47  82  50  89  25  19  64  69  15  33  87  97  24   4  28
  20  59   4  92  80  52  62  32  51  31   5   1  77  78  20  31  26   3  81  16  28   1  80  97  16  14  84  14  38  88  42  58  48  47  51  29  99  14  61  51  45  67  52  23  46  73  54  72  76  36  89   5  38  69   3  54  83  87  68  21  76  11  80  25  58  32  54  57  46  16   8  92  84  61  16  30  35  70   3  12   7  92  17  45  62  20   0  46   8  69  68  84  80  49   9  38  81  64  96  27  80   5  20  64  66  36  95   2   7  98  14  14  91  31  60  54  51  60   0  59  30  68  44  10  17  54  48  99
  18  44  26  99  49  46  63  16  83  59  18  90  58  32   5  49  64  65   3  15  26   4  75  56  72  20  66  90  74  15  89  93  60  16  92  10  63  56  27  46  15  45  36  73  78  41  23  42   7  27  58  34  31  33  90   4  53  57  94  28  73  84  21  33   0  14  44  63  70  71  10  86  16  46  59  95  88  82  37  96  10  96  30  41  29  21  45  83  78  40  11  51  24  33  85  24  47  29  88  18   0  98   4  17  45  64  12  34  47  50  30  57  46  61  98  76  82  44  60  61  84  72  13   8   6  98  33  53
  28  22  72  29  20  76  46  66  41  59   0  88  10  31  45  57  92  44  34  75  88  94  36  72  67  50  81  73  49  14  26  77  36  99   7  57  75  54  23  16  13  24   5  24  56  50  81  48  94  16  24  82  10  61  55  77  11  36  50  60  50  77  38  87  76  45  44  52  99  68  69  13  93  75  37  49  25  19  98  20  35  22   3  46  83  58  24  94  94  75  55  45  52  93  33  29  38  78  82  37  46  52  51  40  27  88  89  53   8  87  73  44   9  77  90  92  35  15  87  30  90  42  75  43  35   9  73  74
  87  56  11  34   8  62  74  36  51  63  90  60  50  64   4  60  41  95  53  76  10  40   6   0  83  82  43  19  92  16  93  79  72   4  13  81  67  88  18  19  51   8  79   2  72  84  62  14  79  15  90  90  56  97  90  39  80  34  58  72  51  51  52  24  56  66   6  24  54  24  43   6  33  23   8   6   8  71  20  88  86  11  78  42   8  69  82  89   3  40  62  55  92  15  79  49  81  85  73  36  10  17  43  43  41  51  50  49  23  70  37   9  81  15  52  90  85  35  80  88  76  42  44  68  58  23  17  39
   9  91  76  20   8  19  63  49  71  14  99  94  84  36   4  66  52  57  57  37  92  37  26  69  80  71  38  38  94  56  78   4  47  55  24  56  74  88   6  45   2   5  40  87  42  44  54  94   2  11  32  95  49  59  64  29  31   2  68  26  58  47  30   6   2  55  62  77  43  68  23  46  73  63  34  16   8  88  10  10  99  43   6  48   3  70  78  34  73  47  60  32  95  91  39  97  46   1  74  90  70  97  36  44  61  70  60  69  58  71  80  58  15  87   7  18  58  86  53  31  33  14  64  29   5   3  26  51
   5   1  41  75  99  78  19  60  49  80  30   8  51  11  66  66  98  74  85  57  60  39  88  94  53  53  23  58  56  50  10  61  51  52  37  51  30  57  11  80  37  42  88  89  54  54  56  53  29  41  10  89  81  99  84  34  52   7  93   9  58   3  70   9  56   8  60  86  65  72  66   2  15  55  91  70   9  47  23  38  89  33  28  71  32  12   5  85  20  98  94  78   2  65  88  58  73  49  45  38  22  12  41  38  67  32   8  77  80  31  16  70  65  44  41  97  57  47  83  78  46  77  57  48  42  45   7  16
  95  52  54  17  65  95  55  33  28  63  10   9  95  27  80  60  72  22  58  29  69  41   8  15  19  65  64  62  11  71  78   6  24  33  23  90  29  79  23  57  43  34  67  38  61  47  98  33  69  56  63  39  98  71  55  17  37  19  80  48  91  58  54  16  91  78   6  20  57  30  78   0  64  46  38  26  93  37  59  63  94  23   2  92  95  57  10  32  77  90  80  68  49  35  85  41  13  91  62  70  21  40  71  86  86  10  12  80  47  72  44  42  96  46  35  91   4  45  23  82  36   4  51  85  39  36  27  53
  28  89  23  50  29  95  36  16   5  49  97  53  22  41  96  18  88  31   9  92  77  33  75  14  38  26   0  78  62  27  31  90  16  55  41  46  50  77  63  56  27  60  10  49   1   6  67  89  38  77  82  15  10  57  29  48  84  29  26  47  57  58  38  73  13  79  20  64  57  83  20  84  43  30  33  45  37   1  35  75  78  17  91  88  75  20  37  60  50  64   7   8  22  45  81  35  24   2  99  81  85  20  66  29  51  99  74  88   0   9  64  78  27  55  67   2  76   5  62  26  69  70  35  91  15  17  27  40
  19  26  22   4  47  88  34  98  88   8  86  89  18  50  68  45   6  35  48  82  40  11   9  10  81  44   1  96  61  28  37  80  55  60  85   2  48  19   1  37  27  87  26  46  38  94  91  44  30  39  26  71  50  36  81  31  80  82  28  41  11  66  22  67  26   7  70  75  27  71  12  55  59  38   1  98  33  92  42  63  32  69  35  82   5  16  14  86  99  43  27  10   9  50  78  35  58  48  11  85  19  23  40  79  62  41  77  95  34  20  59  66  90  94  49  95  11  63  82  10   6  10  20  16  60  98  52  18
  47  63   4  67  86  44  46  49  86  23  45  20  43   5  87  33   0  36  29  11   0  11  21   7  22  42  23  82  41  75   1  88  39   5  55  26  50   1  75  36  25  21  57  68  26  45   2  26  81  32  38  82  43  60  89  65   2  12  48  44  88  50  32  28  55  88  54   5  90  30  42  16  51   0  85  77  45  87   4  26  19  42   9  63   2  98  29   5  11  78  49   0  28  82  28  83  71  82  89  61  12  32  77  64  32  63  41  77  50  46   4  70  88  13  33  91  12  63  96  23  41  46  23  69  28  51  53  99
  34  42  61  47  74  39  11   7   2  53  84  53  99  89  23  88   3  57  80  15  20  77  38  61  23  62  30  52  14  83  52  48  26  14  96   1  53   8   8  56  61  93  10  61  82  33  50  85  90  30   0  10   8  39  72  31   1   3  84  15  86  36  64  13  50  60  14   4  68  22  61  30  15  71  92  98   5  42  83  96  73  84   7  81  23  79  13  25  82  98  40  69  34   4  82  85  64  96  90  33  18  52  64  34  23  56  32  29  99  16  25  73   1  32  54  24  12  68  49  94  66  90  63   1  94  46  87  59
  42  77  93  61  29  57  96  53  14  28  82  13  45   7  86  46  40  41  71  52  10  21  47  76  11  11  78   6  57  65  66  99  42  59  61  72  17  57  25  31  86   7  44  31  15  30  78  55  72  50   8  82  71  55  59  83  66  37  90  24   2  56  24  45  16  85  17  34  43  42  65  29  50   9  61  66  40  39  22  13  89  30  95  61  86  54  45  53  91  36  77  94  92   2  40   9  87  57  43  31   0   9  60  51  19  21  17  59  61  39  73  51  70  68  12  57  23  58  10  15  94  88   9  87  90  49  97  78
   7  40   9   8  49  70  59  68  91  77  28  53  17   1   4  88  70  17  45  93  75  56   8  70  44  18  57  35  68  54  14  76  95  24  84  44  94  44  13  86  21  42  39  39  44  44  27  15  61  72   9  36  28  18   7  73  36  64   9   5  18  23  81  14  48  66  59  42  10  73  29  32  15  68  71  60  13  98  75  74  71  84  11  99   2  18  73  39  82  82  44   1   5  26  15  54  93  75  96   4  48  26  36  63  95   8  23   8   7  99  82  78  83  93  78  86  11  51  25  94  34  70  96  39  96  12  94  90
  87  90  94  35  17  31  99  12  39  23  20  47  22   2  26   6  96   4  92   8  56  17   2  90  87  99  30  84  11  24  74  99  15  68  34  32  99  34  44  39  57  64  86  80  67  12  86  63  17  78  71  73  96  74  64  84  73  94  68  85  18  43  84  34  11  19  66  11  54  10  51  11  75  37  92  42  50  79   6  67  57  77  41  54  52   5  38  25   0   7  11  19  50  95  53  62  15  19  73  69  30  25  81   6  63  73  48  13  52  54  81  10  32  23  65  84  29   3  10  29  10  21  48  60  17   1  22  32
  21  96   2  51  22  83  57  85  57   6  98  10  61  80  20  94   3  86  78  33  89  89  62   0  11  10  61  28  12  84  61  33  81  63  85   3  47  42  88   4  49  87  14  11  67  35   5  71  21  84   4  11  74  67  11  85  77  72  13  89  57  75  23  38  38   8  41  85  51  29  90   0  16   4  12  84  39  17  56  61   2  61  72  76  28  84  61   5  57  75  95  14  50  18  52  89  26  94  75  77  23  65  78  40  69  90  25   9   8  81  71  10  42  44  86  70  28  48  76  86  23  72   1  74  90  54  64  17
  48  39  95  72   4  73  13  74  64  38  84  73  19  56  83  62   0  70  33  29  19   9  16  43  81  17  17  72  71  81  89  20  21  85  92  26  59   6   1  23  44  85  97  64  41  80  26  42  51  60  72  70  69  88  14  51   5  31  24  77  13  14  97  35  99  90  61  58  96  62  82  41  48  79   6  90  60  33  32  12  93   4  83  63  93  97  14  98  29  38  76  43  52  74  78  52  64  39  11  61   2  93   3  50  73   9  40  34  42  73  46  35  78  30  98  71  27  13  69  56  52  46   0   5  20  78  57  85
  18  68  47  20  62  50  70  36  60  11  70   3  84  17  38  62  47  37  33  75  51   3  32   3  50  32   9  70  10  66  55  28  35   3  49  97  53  19  33  14  31   4  17  16  21  56  79  68  94  13  44  45  17  76  49  67   8  58  37  18  25  93  47  60  96  96  58  50  16  91  64  47  96  81  63  17  38  43  86  32  56  30  78  73   6  27  40  14  86  78  33  11  71  80  71  68  76  29  18  92  21  83  40  18  65   4  35   3  47  22  35   3  52  13  76  59  41  17  74  27  95   7  38  67  88  10  35  64
  40  54  57  62  37  97  80   2   1  16   6  49  38  41  52  91  55  29  50  97  47  25  24  42  33  63  10  21  73  45  86  14  99  43  76  37  41  56  40  43  73  46  92  11  88  45   2  43  74  53  41  22  78  65  64  11  29  74  33   2  20  19  17  20  62  93  57   4  50  97  47  23  44  39  35  32  84  38  76  59  91  17  81  70  83  46  82  12  21  16  15  41  35  32  62  98  26  20   2  76  17  49   0  62  89  35  94  74  74  70  34  66  88  16  36  71  62  19  84  84  35  99  26  71  32  88  69  58
