128 128
   8  71  35  26  21  36  88  11  72  83  85  46  54  19  12  42  36  49  14  99  69  98  83   5  98   9  76  31  98  46  89   7  18  25  34  40  61  23  51  33   6  36  80  61  56  92   4  92  42  18  91  11  17  75  17  16  85  93  47  84  40  37  91  58  62  26  98  24  49  49  58  56  86  38  17  43  31  21  36  73  40  28  85  58   3   2  74  88  96  21  73  36  58  65  94  21  91  93  45  41  43   3  97  30  41  15  73  72  37   9  46  78  37  31  36  41  33  10  30  30  31   3  66  90  68  61  11  60
  54  56   1  98  60  99  28   2  14   1  75  52  11  21  31  49  53  67  91  87  77  21  17   9  25  83   0  94  44  11  54  99  68  55  97  29  54  25  31  69  27   6  22  39  28  53  89  81  20  80  68  98   2  85   8  27  69   8  22  14  20  76  13  89  32  11  18  87  36  50  57  64  56  79   4  84  33  93  66  54  74  34  53  76  20  61   4  90  70  26   4  91   2  18  81  34  29   0  22  66  50  79  30   7  59  34  92  92  28  58  47   2  93   0  78  14  62  82   4  33   8   8  24  11  27   6  46  56
   7  68  22  57  48  53  65   7  88  57   0  16  15  47  19   9  47  97  23   9  80  27  43  89  36  68   1  63  74  47  20  81  16  42  39  64  95   4  72  83  62  72   0  78  19  19  87  66  16  10  76  97  38  20  87  74  88  88  38  62  36  58  44  52   1  84  17  96  89  89  80  51  61  80  30  80  99  17  47  16  28  24  13  66  44   1  41  32  89  80  95  25  39  39  78  40  24  95  36  13  84  16  65  45  97  95  26  96  12  73  13  41  97  27   7  41  28  49  74  17  29  69  42  69   9  20   9  33
  16  45  46   0  62  11  46  60   6  73  56  19  46  69  60  44  96  68  86  25  18  60  42  48  29  85  17  38   6  26  72  22  72  19  23  34  31  70  95  38  43  51  57  90  21  18  34  18  86  21  43   5  81  86  53  11  71  70  50  77  96  22   0  69  42  24   4  73  94  99  11  38  51  68  28  72  87  63  91  74  84  35  79  66  21  32  77  92   3  27  70   0  50  71  69  92  95  73  65  90  72  77  28  23  45  57  96  33  20  88   7   5  23  86  71  44  19  49  37  22  77   8  23  28  80  92  20  76
  66  86  66  39  63  95  63   9  52  60  42  73  48  49  79  71  36  51  16  55   0  54  78  77  63   1   5  43  94  26  19  61  13  86   0  77  81  64  86  34  24  29   8  72  79  87  44  15  38  61  71  39  16  50  17  79  52  23  22  46  49  42   8  63  28   9  40  10  73  27  44  97  56  53  70  35  40  15  51  79  77  22  19  93  72  36  72  25  59  94  72   9  37  80  72  65  89  13  75  62  40  20  60  97  73  31  32  14  47  84  94  24   6  13  17  79  49  90   4   8  85  76  18  22  57  90  87  46
   4  63   9  44  83  70  42  56   1  75  71  48  59  65  73  66  78  90  46  28  80  51  36  66  28  55  88  85  45  75  32  50  38  41  95  22  11  37  79  13  12  50  62  71  16  35  38  94  26  84  22   6  35  59  73  63  14  61  48  60  37  81  10  76  22   6  98  34  43  77  48  55  28  10  27  44  45  65  39  71  49  62  78  85  22  51  48  37  13  97  97  50  78   8  26   1  14  25  36  58   3  85  13  31  95  41  75  41   6  14  12  56  77  91  41  99  43  90  36  56  88  34   7  67  42  33  69  57
  59   5  16  62  90  30  93  86  71  69  27  78  84  40  34  61  31  76  60  75  67  97  31  55  31  38  23  74  72  92  32  31  98  48  94  88  78  87  75  49  57   2  27  41  43  62   2  75  39  63  50   7  60  82  63  91  21  86  66  93  78  98  25  76  46  19  65  24   7  40  73  64  43   1   6  87  64   9  62   4  73  12  11  33  95  74  25  16  60  91   9  39  90  35  15  36  55  81  60  63  21  34  28  65  36  34  52   1  43  14   5  17  27  17  51  22  91  76  38  52  68  48  91  59  84   7  95  39
  88  56   2  10  91  30  75  28  65  27  29   9  42  34  26  70  51  77  93  43  54  32  96  23  81  87  82  65  95  77   4  83  34   7  94  25  38  69  53   3  97  82  12  40  17  38  10  69  16   4  13  70  36   9  93  17  97  75  82  92  53  87  76  87  94  70  12  33  40  65  36  37  48  48  78  66  87  88  35   3  92  48  74  29  58  67  46  55  42  28  48  95  16  24  82  11  95  95  44  35  61  80  73   9  29  51  76  17  40  12  21  32  60  95  61  19  62   8  74   5  37  23   1  53  47  84  65  43
  79   9  78  40  90  51  50  20   3  27  38  43  39  59  76   0  54  37  19  17  46  94  23  83  17  24  37  65   8   2   8  88  11  87  29   2  39  80  22  42   7  60  85  46  20  61  46  75  99  65  92  45  60  15  29  77  40  66  43  48  68  51  36  80  39  66  82  78  46   5  21  53  66   7  99  86  68  46  61  68  12  54  14  72  70  43  50  10   9  93  58  78  45  95  58  84  61  40  63   8  46  84  61  12  91  61  98  60   7  60  28  20  14  43  92  84  87  43  95  97  36  54  75  82  50  33  66  12
  74  29  20  21  14  81  33   5  43  32  66  50  92  95  71   7  38  63  92  25   7  87  22  44  42  98  26  92  31  92   4   6  22  24  27  36   6  61  42  49  93   8   0  86   3  71  93  42  35  86  67  42  74  90  86  16  88  12   8  20   5  12  27  28  37  54  64  43  16   7  92   9  15  92  96  19  64  89  61  99  76  29  41  50  19  28  66   7  40  75  28  46  87  55  74  24  10  39  68  26  46  60  36  62  53  32  81  17  22  43  17  98  72  59  49  91  87  15  99  28  90  27  74  78  82  48   3  93
  88  71  19  34  32  55  97  86  88  79   4  10  22  21   9  95  80  58  87  67  74  86  95  65  14  70  44  97  18  47  90   7  19  10  41  51  66  39  38  54  18  42  65  41  63  74  36  44  33  23  11   8  10   7  73  25  77  17  22  96  65  13   3  84  23  45  36  89  84  74  44   2  17   9  43  81  84  80  25  18   3  37  26  14  45  99  39  22  17  61  19  82  75  23  67  98  68   4  88  53  79  33  56  96  43   0  77  27  80   3  46  84  40  72  98  85  72  37   8  89  99  27  72  74  51  40  73  20
  44  61  73  24  95  30  20  38  30  98  66  11   1  12  95  41  84  94  27  56  31  35  46  31  63  19   6  14  59  79  35   4  41   8  28  36  39  49  75  69  47  41  80  49  53  76  91  38  70  18  95   2  54  41  33  17  61  40  32  20  19  67  25  61  76  53  97  15   2  73  85  50  14  66  99  67  42  90   6  12   9   1  15  63  43  49  80   4  89  13  25   9  80  50  70  57   4  68  73   7  41  58  57  55  24  57  23  67  48  30  80  58  31  95  21  75  44   2  80  34  15   5  43  96  56  13  54  60
  82  27  68  23  86  26  79  11  84   3  78  32  33  58  91  64  54  12  40  99  15  20  33  31  26  76  28  83  90  82  44  73  10  12  96  97  38  76   8  22  79  87  55  12  45  46  77   0  59  17  99  74  38  32   6  65   9  34  48   0  17  92  73  28   4  69  25  43  46  33  66  25  21  21  38  66  68  15  67  27  33  66   2  72  99   9  37   8  43  85   8  61  77  81  89  82  51  14  26  98  48  92  23  69  13  62  36  82  77   3   9  11  70  12  83  69  21  20  78  65   6  86  27  84  68  16  67  20
  31  93  18  80  85  42  50  99   4  86  81  82  90  91  94  61   3  77  30  25  98   8  91   5  95  18  90  64  35  57  85  66  50   4  46  36  47  97  35  52  83  16  34  74   7  29  35  11   7  66  36   6  75  28  11  71  47   1  35  82  58  21  49   9  25  96  45  72  93  80  25  77  97  60  51   4  89  87  15  96  53  52   2  29  81  14   0  28  15  36  11  74  57  60  84  83  56  29  56  50  10  81  27   7  41  78  12  30  66  27  27  19  80  30  49  61  44  49  90  60  85   1  34  43  61  18  26  18
  48  83  68  59  64  95  66   6  74  79  37  40   7  64  60  87  94   9  49  39  59  39  99  44  41  33  88   2  52  15  21   1  98  89  60  63  85  27  69  60   6   7   0  13  72  61   1  66  70  50   6  29  90   5  74  31  38  62  34  91  77  55  92  76  45  53  39  30  81   9  90  88  16  91   1  88  52   3  55  23  53  62  52  43  67  27  75   6  89   9  97  67  64  90  44   9  44  83  40  25  93  31  13  10  22  15  99  75  18  55  98  72  17  51  16  84  78  91  90  68   0  88  36  65  79  80  75  23
  64  16  49  58  47  62  68  70  78  68  46  96  23  44  68  41  96  85  25  75  76  16  43  77   4  80  42  83  61  18   7  25  34  56  84  81  19  53  52  97  21  98  93  45  43  62  86  39  47  12  14  24  28  58   2  33  38  45  17  99  63  24  25  97  81   9  79   0  62  31  97  84  30  90  29  73  53  15  13   1  27  27  26  56  86  28  89  24  73   6  24  36  31  49  34  12  59  13  12  22  45  10   6  76   0  35  49  54  51  63  56  79  90  82  35  77  10  25   1  83  32  25  20  63  75  54  76  35
  68  89  57  13  99  64  90   0  99  39  55  51   3  11  30  94  93  66  71   4  91  72  88  24  98   8  88  74  63  64   9  31  53  67  45  53  31  35  53  31  75   8  82  78  19  13  72  13  80  44  17  72  17   6  96  15  15  84  90  78  49  99  10   3  67  55  56  98  91  10  29  67  19  12  45  38  26  18  52   6  63  70  79  80  76  75  95  91  60  86  70   9  85  80  13  53  36  69  51  27  80  80  94  99  93  40  38  19  59  90  26  22  61   5   2  38  80  98  30  41  84   0  51  70  81  64  23  17
  34  74  44  14  55  39  13  48  80  51  68  39  41  94  61   3  99  64  41  80  62  71  22  46  71  73  17  52  37  40  69  71  15  14  85  70  54  99  19  34  50  88  74  92  82  36  95  82   0  36  63  62   7  85   9  79  59  26  31  96  67   1  68  82  16  54  53  71  53  73   5   3  61  80  96  44  16  91  27  16  27  91  79  34  76  88  14  36  15  45  32  83  47   1  66  64  56  20  35   9  93  41  13  55  21   9   0  38   0  28  54  28  19  33  63  96  22  77  32  38  23  65  22  70  66  88  35  22
   8  71  32   2  13  46  58  34  56  59  73  56  87  27  85   6  61  48   2  83  25  35  22  48   0  44  19  66  32  55  89  41  26  22  43  39  68   2  74  24  61  47  81  48  75  66  55  36  15  58  20  40  93  42  89  93  86   9  60  19  64  50  61  90  73   4  30  42   7   5  67  68  52  48  17  27  15  73  64  31  31  84  71  25  26  61  19  13  70  80  33  35  31  94  26   4  99  56  46   6  61  14  74  14  63  92  42  78  65   6  10  97  90  81  23  16  43  43  30  14  23  63  49  54  57  75  59  56
  31   6  63  93  20  38   8  83  30  50  62  96  56  72  94  46  54  17  63  97  60  94  12  84  57  61  39  15  36  99  72  68   5  35  62  26  73  70  10   4  20  73   0  76  45  94  23   0  12  87  98  73  81  10  57  38  71  96  54   8  95  26  77   1  61  39  28  35   9  38  39  30  11  39   7  57  34  30  58  47  17  57  20  98  67  77  37  39  74  91  48  70  18  25  72  79  64   0  14  74  39  54   4  50  93  11   8  28  41  67  75  59  24  95  58  92  73  95  31  48  87  79  19   5   5  91  85  69
  92   0  43  31  54  47  81  48  59  90  76   1  57  52  60  82  48  19  74  22  15   5  70   2  85  89   8  90  81  94  60  73  94   3   4  49  51  86  97  11  77  74  12  35  26  72  17  74  91  91  96   7  97  67   9  82  57  18  73  39  12  33  12   7  37  17  56  89   4  54   0  81  28  12  16  55  85  34  30  77  25  27  84  22  94  94   5  52  12  79  91  25  13   4  32  51  22  89  41  26  43  41   8  72  54  25  28  40  59  58  18  85  85   3   8  80  97  13  33  10  93  25  35   6  29  68  57  52
  58  98  78   1  40  87  74  95  12   2  35  72  60  54  57  46  57  65  27  54  79  60  65  72  85   1  78  15  69  36  67  27  35  46  29  75  33   4  71  45   6   6  17  67  61  75  13  18  40  40  73  19   1  38  91  87  39  69   2   9   6  69  37  41  16  67  16  49  71  87  95  77  94  12  44  55  87  58  74  28  99  47  47   0  85  38  87  25   8  89  35  14  59  72  56  76  39  72  25  11  60  20  88  55  33  33  11  21  92  85  49  91  33  96  91  18  35  78  44  44  68  79  59  28  51  15   4  91
  88  30   3  49  50  91   4  84  25  16   5  17   1  54   8  34  51   0  53  87  79  98  31  48  77  91  76  29   6  81  21  95  11  24  44  62  16  48  47  42  64  52  59  66   7  68   1  58  68  55  46  48  53  78  96  30  69  73  60  75  54  81  70  66   5  15  29  22  63  76  64  28  29  23  95  36  92  96  95  61  51  41   9   5  19   5  35  88  79  96  64  33  77  35   0  83  50  30   5  14   6  69  42  35  93  38  71  86  35  67  47  87   8  57  92  28  63  28  16  42  24  81  76   2  16  76  85  66
   6  91  81  13  60  23  48  54  62  20  41  97  87  88  84  96  46  77  24   9   5  41  51  30  22  27  32  39   4  17   6  11   9  87  24  69  11  73  24  73  94  65  71  82  54  56  78   0  33   3  10  39  44  61  70  67  89   2   6  94  20  13   6  29   0  30  99  11   4  24  85  98  89  56  80  44  12  59  44  46  62  55  86   7  16  56  75   6  58  82   1  79  95   7   8  95  38   8   7  42  32  92  41  22  49  21  66  61  81  11   8  43  66  94  51  83  50  26  90   9   8  91  88   3  99  97  99  37
   5   6  80  37  98  21  59  47  43  26   9  24  37  18  68   4  12  19  87  63  45  77  73  53  69  61  57  69  59  56   7  64  62  87   2  61   9  62   9  52  88  19  77  25  37  45  30  49  64  17  13  10  95  86  64  65  48  21  34   7  77  41  72  40  29  74   1  38  36  10  91  25  29  68  51  67  14  81  17  78  98  30  89  94  17  53  59  65  74  94  73  51  36  45  92  65  20  93   4  57   4  95  82  34  64  33   1  78  14  18  57  13  49  46   7  66  99  66  32  74  61   6  26  97  52  18  63  72
  11  67  30  16  63  12  51  28  46  52   6  60  71  64  73  20  10  81  87  10  48  20  84   9  26  11   6  78  29  69  51  41  37  81  58   1  93   9  29  39  61  35   0  33  99  74  54  10  55  42  21   3  62   6  13  88  17  20  66  46  90  17  88  27  98  46  28  92  55  57  32  17  93  32  51  93   7   5   4  62  47  25  66   9  31  80  98  49   0  64  95  90  82  84  18  81  30  47  73  86   5   5   3  98  38  54  92  46  60  96   8   7  22  75  17  53  56  15   3  56  80  98  47  62  83  66  43  13
  13  17   0  18  23   3  17  62  58   9   8  18   6  17  26  28  92  44  82  48  60  85   5  40  84  52   3  67  18  47  81  32  64  81  50  87  85  68  49  44  78  58  62  84  75  89  13  68  34  95  16  94  81  22  34  66  75  38  33  94  85  15  26  49  97  77  37  82  45  87  26  24  45  89   8  20  79  21  88  13  17   5   7  99  27  42  65   3  80  98  97  65  14  24  15  11   1  52  94  47  39  21  71  85  11  80   5  90   2  94   3  19  99  11  18  27  53  83  30  34  82  28   0  97  52  15   8  54
  68   3   1   7  24  73  93  35  54  98  26  56  93  30  76  92  41  95  20  95  79  50  29  61  78  29  58  31  45  67  85  13  70  86  20  95  60  14  31  14  12  57  71   5  87  47  98  29  42  18  24  21  69  53  83  48  83  42  79  28   9  64  41  80  51  62  76  11  76   7  26  89  64  97  95  52  44  93  81  86  12   5   8  81  59  91  29  43  33   8  72  43  73  13  23  24  76  99  35  53   7  62  43  71  59  38  24   3  32   5  90  45  11  99  26  70  90  56  14  24  65  86  67  38   0  91  63  76
  91  98  29  98  61  73  70  20  11  94  24  44  99  15  89  11  14  15  81   5  72  96  29  38  82  97  77  82  88  40  58  79  39  88  77   0  61  47  21  73  42  45  17  42  61   6  53  75  22  35  81  95  31  11  33  13   8  11  95  97  51  54  77  91  43  55  92   5   3  13  78  45  59  95  87  20   2  40  96  24  75  77  20   7  88  53  20  97  65  16  95  16  70  72   8  14  27   0  19  30  14  98  76  73  94  63  93  96   4  89  21  80  67  41  87  56  95   8  53  60  24  49  77  95  21  85  10  49
  86  29  80   0  27  56  74  21  20  67  18  24  57  39   5  24  81  92  80  76   1  34  37  26  83  14  22   5   0  32  54  87  62  35  88  90  91  62  12  11  30  30  36  87  70  41  12  52  34  93  28  35  27  66  62  11  80  84  17  81  17  71  68  79   7  56  69  98  19  82   9  50  13  46  37  83  87  50  35  22  43  64  57  71  30  20  83  11   4   0  92  22  72  61   1  79  18  71  77  37  54  87  87  67  33  25  50  21  76  86  43  20  51   1  91  82  21  74  94  26  75  86  48  47  48  50  26  66
  22   4   4  76  91  92  43  25  18  94  47  94  81  90  14  33  92   6  15  13  81   9  40  56  96  89   3  44  39  30  11  62  34  15  38  26   8  81  52  26  76  99  21  57  90  35  90  82  42   6  96  23  15  36  80  12  26  84  57  65  14  68  28  49  84  66  75  93  48  27  19  25  27  40  82  17  76  73  99  19  79  95  42  95  32  22   8  58   7  65  24  21  34  52  70  19  19  46  12  67  74  32  93   1  73  75  19  50  49  18  69  28  14  11  24  46  34  32   4  41  98  29  63  33  81  34  52   0
  81  65  68  55  97  61  57  70  37  76  20  86  95  90  15  10   2  40  56  36  73  61  78  71  90  42   4  72  76  57  73  57  22  41  13  20   3  70  90  41  47  11  27  43   2  43  53   4  84  10  41  57  71  19  29  62  62  34  34  38  91   7  96  14  49   9  34  52  80  25  93  28  36  21  71  38  65  25  43  49  35  84   7   7   4  36  69  66  71   4   5  62  12   1  77  61  11  11  14  91  36   8  20  73  30  92  12  95  17  55  45  53  39  52  61  43  89  31   9  60  35  14  23  47  16   0   9  27
  11  23  19  48  31  40  21  62  32  33  57  50  88   3   3  28  56  65  71  45  96  81   6  31  96  30  79  12  31  88  40  42  12  60  91  44   0  12   6  32  45  63  82  34  67  86  62  23  52  33  69  48  15  75  80  11   6  59  24  37  48  65  79  61  25  71   5  25  83  11  58  29  75  41  63  42  28  25  66  80  59  35  28  75  10   8  87  16  68  11  53  17  76  33  78   2   4  83  27  88  95  86  17  71  27  80  13  55   6  80  35  66  15  64  42  26  73  29  43  41  40  97  59  17  31  37  19  35
  21  47  24  16  34  41  87  61  22   1  17  29  81  53  96  97  17  38  23  90  67  66  32   8  63  91  26  94  29  45  30  50  93  55  67  27  96  55  89  19  56   7  49  38  60  45  36  78  84  59  69  52  26   1  60  89  93  86  84  22  32  15  72  25  70  39  53  66  94  43  86  51  50  35  90  10  81  26  88  65  86  57  17  12  59  78   1  53  64  86  75  97   1  48  22  71  87  76  38  82  19  24  34  69  60  24  80  41  51  69   7  37  27  25  49  86   3  51  39  68  38  15  65  39  63  88  11  51
  64  49  33  84  73  68  53  34  93  34  76  44   3  83  82  30   8  32  16  12  84  56  80  22  71  45  62  35  33  73  86  98  22  20  82  96  88  36  30  82  70   6  27  73  90   9   3  99  42  20  11  26  77  92  49  49  38  11  84  71  85  70  70   7  91  52   4  80  88  35  62  58  42  89  32  32  99  35  32  42  55  43  68  33  36  18  82  74  30  66  45  15  37  16  23  29  68  27   9  57  62  72  16   5  62  48  37  61  83  69   3  39  13  72  72  49  90  54  24  21  21  70  36  58  86  60  87  54
  87  97  11  50  69  27  55  31  76  93  92  59  63  96  99  77  69  71  26  60  26  51  81  47  21  18   6   7  78  93  61  66  90  73  17  60   1  73  91  77  66  84  37  29  81  36   7  50   8  34  10  34  85  91  81   6  10  88  13  88  81  75  54  72  48  72  32  50  45  24  28  11   9  66  41  90   2  48  40  11  82  51  45  68  43  27  74  53  15  87  41  97  62  96  70  11  69   3  62  14  27  91  26  36  57  67  26  59  16  67  70  99  18  16  67  61  44  42  15  59  29  56  56  92  53  27   4  22
  30  67  36  57  58  63  94  15  30  21  75  47  88  46  47   7  63  15  69   7  57  84  67  87  41  23  80  95  50  85  17  80  52  54  38  11  17  32  27  48  54   3  96  43  50  44  50  13  59  20  20  17   4  87   5  46  11  85  41  62  71  58  43  24  13  82  35  31  15  63  79  69  66  76  12  16  20  63  29  80  83  50  97  87  38   2  34  50  88  75  13  60  34  56  84  47  39  20  78  54  83  58  23  49  34  36  66  55  99  95  35  82  46  32  70  85  35   4  35  24  79  48  85  13   5  69  61  45
  90  40  99  73  98  23  23  33  60  89  88  59  85  23  42  32  56  13  17  92  17  53  17  97   2   2  11   8  71  73  53  61  13  53  35  11  76  58  45  36  48  33  96  33  57  39  65  14  52  82   7  70  35  24  68  38  26  79  46  98  53  99  60  66  52  95  78  29  54  23  66   2  57  62  36  15   1   1  30  54  84  37  24  20  61  92  58  88  72   4  86  25   3  47  92  56  43  70  85  97  94  51   0  52  14  36  68  16  38  98  70  22  35  94  42  97  87   1  85  59   6  72  85  10  20  77  66  63
  48  51  61  43   3  61  95  17  98  64  33  36  62   4  59  98  98   2  96  86   3  82  46  10  55  31  20  75   9  86  38  58  38   0   1  41  61  97  58  60  62  92  97  25  96  56  24  95  59  20  81  63   3  28  73  58  60  93  33  70  79  72  28  17  72  30  59  34  28  17  95  90  10  92  15   7  49  40   2   8  60  84  72  63  13  45  21  73  38  55  43  18  27  72  36   0   2  95  34  31  13  29  22  23  22  38  31  71  78  34  80  38  19  52   2  32  98  24   5  37  79  49  55   7  21  92   8  24
  87  43  55   1  72  77  25  95  15  56  66  94  90  47  32   9   0  35  42  98  59  47  35  39  97  91  47  18  83  55  42  71  98  98  72  71  75  97  66  91  53  33  85  44  81  18  54  81  53  96  79  13  44  14  52  41   6   0  59  89  56   2  60  55   0  33  27  76  30  94  67  84  27  53  28   8  71  82  89  24  78  69  38  22  84  90  64  90  91  24  79  47  26  40   2  27  73  29   3   4  23  70  88  51  24  16  60  95  99  50  20  78  19  58   1   3  49  65  94  40  89  74  87  16  14  89  43  88
  19  46  92  42  17  80  94  41  97  54  37  97   4  57  75  24  16  76  27  65  41  22   5  31  96  93  47  10  83  90  99   2  37  92  45  55  73  39  96  70  94  34  67  98  91  42  22   7  19  50  73  60  72  78  91  69  72  39  79  55  29  79  58  67  71   3  22  44  43  19  15  37  53  82  36  45  25  59  53  44  10  26   5  83   5  97  52  77  36  32  33  66  11  91  34  83  94  56  27  38  76  42  76  29  25  12  75  51  72  28  96  82  54   1  65  60  99  18  38  35  50  71   2  62  62  36  45  57
  93  72  95  69  15  71  98  40  84  73  91  56   2  88  38  57  89   4  17  89  23  55  24  73  26  27  35  89  64  80  46  57  53  41  26  68  13  25   9  97  99   1  53   1  89  92  58  79  97  76  68  20  32  93  93  58  20  29  48  85  10  94  42  63  35  69  32  49  94  42  46  94  43   0  96  33  92  55  12  89  31  81   9  64  74   3  22  95  33  71  80  43  65  23   7   1  92  39  50  87  82  96  82  25  97  78  59  89  33  71  79  65  52  89  29  27  92  52  23  25  23   4  69  89  27  76  90  20
  16  41   7  98  38  89  24  35  68  83  24   2  55   3  67   8  92  97  35  85  50  58  11  74  62  80  63  90  56  53  10  73  94  17  71  32   7  96  67  75  79  92  77  34  96  45  42  89  43  78  74  93  37  85  67   0  65  30  90  22  84   0  95  79  18  67  12  26  63  80   2  42  72  80  77  69  25  20  58  69  98  32  62  35  18  30  36  83  61  26   6  45  27   1  25  46  69  37  73  32  18  75  75  91  55  52  60  81  73  18  50  71  51  13   7  69  43  44  53   5  70  59  51  98  61  76  45  30
  14  18  62  32  93  37  24  49  90  84  30  63   3  81  35  54  95  43  23  39  87  76  44  58  36  95  57  97  72   2  27  87  20  89  19  14  27  44  63  18  28  94  82  31  75  18  86  71  62  10  10  49  87  54   8  23  50  65  20  22  68  48   9  88  38  29   3  65  73  66  84   2  60  67  34  36  85  20   7  47  31  17  97  18  72   5  42  22  71  62  45  39  10  54  28  49  84  31  14  58  97  99  60  58  66  94  95  52  15   2  99  46  20  97  64  93   3   6  15  74  69  61  14  80  16  42  29   0
  73  44  58  71  44  18  29  10  13  24  63  28  27  63  75  48  60  40  41  63  47  57  38  16  18  52  97  34  94  27  35  68  71  93  39  15  12  68  26  26  93  89  55  21  52  30  69  13  70  11  77  17  68  15  34  87  68  31  21  63  58  57  31  30  50  71  46  63  40  73  90  33  63  45  55  16  75  24  29  46  35   6  63   4  21  98  91  90  29  13  53  88  70  84  19  21  55  66  85  95  39  75  29   3  20  84  19  96   9  48  42  45  54   6  49  76   4  41  66  34  55  20  23  26   5  42  47  61
   9  33  57  48   8  86  52  29  71  71  25  80  20  68  26  75  74  76  51  79  17  18  13  73  39  36  99  44  79  47   5  88  80  62  37  88  49  89  18  21  61  43   2  81  12  28  56  87   5   8  66  23  27  80  96  66  17  95  10  96  42  16  85  22  79  22  11  29  12  29  50  73  73  53  54  85  81  10  72  86  18  39   9  45  19   6  12  37   2  23  33  44  39  18  67  19  41  79  48  53   8  99  26  82  52  81  67  34  91  40  21  10  79  31  56  99  37  68  36  39  91  70  84  31  89  52  50  31
  31  99  84  40  99  11  22  51  92  89  86  83  30   7  94  10  39  50  10  77  19  47  17  11  17   2  43   7  54  94  38  85  94  23  26  93  34  48  44  26  38  31   9  68  39   4  79  78  55  89  56  75  36  73  86  54  75  30  61  30  24   0  16  18  23  42  11  57  90  56  83  29  88  93  97  27  97  77   6  53  66  62  28   2  36  15  56  12  45  18  43  70  19  59  88  42   1   0   0  92  57  83  21  45  77  19  73  75  96  79  28  63  42  56  65  78  71  22  91  16  41  34  87  60  93  75   3  95
  76   3  88  33  87  10  79  64  30  52  39  26  31  67  89  74  24  55  52  96  78  44  13  19  78   0  80  72  75  83  68  52  86  56  86  73  66  65  38  96  18  77  23  50  45  13  24  70  69  76  66  47  21  79  67  99  79  47  72  55  30  40   7  17  97  93  91  63  59  29  60  77   6  84  27  52  98  51  22  67  28  88  15  49  68  82  49  47  30  21   3  61  62  10  78  59   4  69  23  63  98  83  41   5  68  69  57  66  20  80  34  49  69  49  99  37  32  48  85  62  70  88  23  33  99   2  92   4
  71  15  68  70  99   9  75  67  78  33  33  99  14  67  49  83  17  48  21  49  97   7  12  68  95  35   1  95  37  93  99   9   9  67  79   8  77  54  75  55  88   9  55   2  77   4  86  95  53   7  44  51  14  57  19  10  92  20   6  30  14   5  39  23  73  19  31  50  74   7   5  62  17  61  65  94  66  51  89  19  59  34  70  74  91  90  84  84  10  90  15  25  96  55  48  69  74  79  19  48  87  25  11   4  86  76  99  53  27  88  73  87  23  44  61  15  34  46  99  45  36  14  70  33  69  18   3  44
  98  22  92  85  48   3  90  35  80  89  88   8  78  61  95   1   5  56  16  40   2  16  85  39  31  56  73   1  75  76  45  73  98  37  59  46  41  49  82  22  39  70  30  17  32  26  19  38  83  36  78  86  52  64  25  84  20  99  85  95  75  30  69  74  68  29  21  10  78   3  32  18  73  63  35   6  89  54  44  73  91  22  59  43  87  85  28   7  84  13   3  60  43  73  34  12   2  56  22  81  59  55  99  33  18  34  39   8  89  83  81  80   6  40  24  93  25  52   1  10  66   5  70  10  78   4  22  81
  60  45  62  20   0  61  54  18  96  93  26  86  77   8  66  84  48  91  77  74  44  79  84  10  84  54  20  63  59  42  44  19  87   6  40  88  68  94   6  64  88  33  50  65  42  17  49  90   9  27  65  53   6  49  63  91   3  84  54  62  27  99  82  15   5  23   3  74  17  10  38   5  44  89  71  86   7  21  76  16  49  41  70  56  91  34  47  94  18   2  57  45   1  40  60   7  63  64  81  81  74  20  87  18  10  58   4  17  80  81  34  30  23   5  86  14  39  33   9  57  36  67   3  38   7  64  46  71
  28  28  52   2  48  39  20  59  98  25  77  78   6  12   9  30  17  95  44  56  29  54  13  65  21  17   4  29  81  50   0   9  78  52  12  27  91  32  86  89  58  63  68  64  75  77  94  92  73  39  49   2  94  62  68  16  80  72  45  61  22  46  71   1  98  83  28  90  16  14  80  74  78  49  39  53  27  34  46   0  73  95   3  68  58  72  84  38  44  29   0  67  75  71  68  74  54  96  65  70  11  45  45  89  95  84  43  22  18  90  23  91  86  27  60  44  99  44  83  44  73  83  11  49  55  80  24  10
  77  89  81  89  35  26  78  30  10  22  53  28  12  77  20  98   4  80  43   3  24  26  47  98  10  59  48  66  40  72  76  18  62  57   7  97  84  85  28  94   7  81  23  20  59  43  18  63  24  62  66  48  89  14  47  99  74  96  66  14  69  43  32  31   1  40  29  85  25  57  79  33  39   2  54  98  46  73  62  70  35  29  19  24  44  66  24  18  63  90  33  32  33  66  63  34   6  93  20  32  51   0  65  91   3  20  90  49  93  52  19  28  81  39  52  25   6  77  44  69  67  77   1   1  43  65  36  50
  58  57  82   9  57  48   0  60  68  90   9  61  42  29  90  24  68  43  50  75  20  94  44  88  71  46  90  15  11  27  66  70  84  49  79  41  97  80   1  66  70  11  28  13  41  18  38  10  62  88  85  82  83  30  71  55  76  61  70  87  89  37  58  73  86  37  14  84  18  16  50  89  28  78   3  69  97  41  79  59  30  64  42  13  94  14  68  70  76  39  58  65  76  16  38  62  54  53  47  73  70  97  62  98  76  65  67  74   6  46  34  37  11  77  50   5  91  18  76  67  57  35  32  34  52  71  97   7
  25  44  80  95  41  42  93  18   8  61  92  14   7  27  52  19   4   2  24  95  20   1  62  78  36  95  12  88  66   9  96  91  53  76  87  95  19  80  13  27  42   6  42  50  33  94  69  37  96  93  33  16  95  96  95  31  91   7  20  58  17  16  49  71  93  37  66  12  18  80  39  60  87  81  10  21  75  79  58  71  73  92  88  69  88  83   0  79  91  21  37   8  38  87  80  31  25  46  43  43  27  82   3  14  64  14  35  39  94  94  10  68  86  99  37  74  83  38  54  75  59  92  83  97  80  64  29   5
  10  72  48  38  55  52  52  19  66  88  58  60  82  69  28  69  69  65  44  52   3  98  27  63  91  11  61  71  75  90  76  86  63  25  24  18  77  77  38  43  65  97   4  48  67  32  17  36  98  61  89   2  60  17  66  51  29  27  23   5  18  99  92  81  24  16   0   1  93  38  45  59  36  49   7   3  82  25  40  81  87  30  84  47  47  50  99  77  77  22  82  95  22  74  77  46  91  77  48  85  16  94  44  52  44  52  55  26  77  96   8  64  26  92  12  74  43  11  51  20  33  33  16  55   8  93   2  99
  71  51  84  87  45  29  39  89  81  95  16  59  92  25  23  18  18  35  92  61  47  43  81  81  77  98  36  86  92  39  85  63  90  70  51  36  99  91  26  81  86  43  40  79  68  64  97  86   0  90  47  47  34  29  28  11  28  65  97  20   4  83  84  95  53  36  32  53  27  58  34  14   1  75  93  70  39  91  56  39  81   4  86  15  34  15  27  62  80  25  83  84   8  67  80  62   4  12  16  31  71  50  45  72  26  39  43  65  30  99   5  11   4  91  26  38   6  54   0  87  79  83  71  88  51  52  51  55
  64  67  87  35  18  33   8  44  72  51   9   2  51  14  14  55   6  41  94  13  95  94   0  75  78  72  63  30  24  14  85  89  81  73  25  99   6  34  44  78  86  54  81  37  68  95  93  75  37  87  88  32  82  89   7  60  62  71  90  86  86  76  76  67  50   2  67  56  37  12  35  23  66  17  61  35  12  55  10  50  43  99  82  25  89  90  86  51  62  77  38  48  54  14  16   4  17  84  61  54  96  96  78  62  13  39  97  26  94   7  76  37   7  59  63  96  50  50  47  12  27  85  61  82   0  77  86  18
  61  47  72  57  44  51  19  57  90  16  84  85  24  60  23  32  20  87  28  70  37  76  83  65  61  44  47  62  21  33  80  83  81  53  40  25   5  60  83  95  77  67  81   2  28   5  34  49  92  62  20  30  39   3  95   1  48  42  63  70  75  44  53  57  98  94  82   3  54  66  99  31  33  81  33  62  86  68  11  79  31  31   9  70  35   4  71  83  46  35  53  22  80   7  79  78   1  62  82  55  28  82  87  62  63  21  24  50  89  35  29  20  67  39  90   2  43  62  85  90  97  39  13  77  46  93  56  47
  55  38   3  84  21  90  46  84  11  71  35   0   7  65  21  74   4  11  76  48  73  61  39  71   0  52  48  47  45   4  94   1  43  98  86  64  88  32  49   0   4  84   1  11  49  22  85  54  34  61   2   8  23  41  79  24  94  28  71  39  33  66  41  76  64  27  41  52  60  90  53  64  75  54  76  25  77  61  79  11  22  81  19  46  23  99  70  17  27  42  57  61   8  98  37  72  26  79  25  87  70  78  52  46  33  28  71  10  89  50  22  12  32  41  58  55  41  29  72  69  71  30  30  80  29  68  53  55
  47  78  43  18  57  95  64  91  23  35   1  13  86  23  26  18  65  85  74   7  14  47  76  86  77   6  66   6  75  19  62  23  98   5  41  56   0   5  47  24  41  49  37  27  73  63  46  38  48  20  46  63  67  22  49  44  29  16  51   4  36  13  27  34  18  69  90  19  74  38  44  15  87  81  43  60  45  89  99  94   9  45  57  77  67   7  21  97  24  73   2  60  86  29  94   5  98  85  25  73  23  69  89  11  51  33  71  97  22  70  91  32  16  49   9  84  57  31  81  81   4  84  41  91  13  36  96  12
  21  21  86  45  91  76  56  42   9  28  39  31  99  31  64  15  80  73  99  38   5  81  19  10  65  61   1  79  97  97  92  19  19  79  64  10  55  21  53  64  49  92  96  48  24  60  63   4  34  63  43  40  45  63  50  10  24  51  90  22  48  83  41  68  62   6  78  17  27  32  82  77  24  78  25  48  39  89  53  74  52  97  14  97  60  64   8  84  15  99   7  64  82  49  32  45  56  11  63  84  44  45  61  69  24  86  17  63  75  71  37  28  69  52  26  29  16  35  14  32  35  21  96  18  71  29  63  27
  41  27  11  85  72  72  54  97  59  72  61  35  44  99  63  13  51  90  43  67  26  57   0  61  79  96  79  50  26  43  77  68  70  88  54  43  61   8  40  20  81   2  55  26   1  19  40  52  10  83  20  36  41  20  98  20  17  77  70  43  21  48  12  91  36  66  35  97  75  76  18  57  78  73  83  79  93  24  31   3   7  52  40  48  72  38  69  90  16  40  34  38  88  46  30  25  12  65  23  87  41  41  44  19  15  28  98   9  52  30  12  60  82  53   9  55  92  78  45   9  18  80  47   7  26  77  32  38
  42  55  26  84  97  71   3  12  99   2  22  52  33  35  12  16  88  22  71  80   0  17  90  19  97  37  27  24  14  59  62  57  15  89  42  13  60  45  26  60  48  48  12  81  83  25  97  71  47  69  52  48  86  42  68  84  80  95   8  95  55  71  53  71  60  95  84  21  40  10  81  89  58  94  70  41  19  67  13  66  36  66  15  23   8  83   8  89  78  17  84  34  89  37   5  50  32  89  71  73   0  53  62  58  47  32   0  67   0  13  34  36  80  49  60  88  32  68  77  11  85  62  45  75  99  51  25  31
  41  97   5  41  50  67   0  97   0   0  65   0  14  99  36  94  48  96  83  80  65  61  92  51  23  38  26  22  89  52  54  31  49  60  72  99  27  73  97  28  74  62  28  88  61  65  83   9  62  67  90  27  28  83  79  52  21   6  75  11  58  30  42   7  90  15   6  18  88   4  46  62  66  74  51  27  39  35  37   2   2  28  29  31  11   9  83  32  15  59  44  73  89  86  80  79   2  87  97  91  91  43  54  57  18   5  85  58  40  23  60  43  51  90  74  62  99  58  95  14  17  39  87   6  26  68  86  28
  55  84  20  47  28  74   5  46  79  91   4  20  14  65  64  65  55  38  27  54  97  23  69  14  62  57  21  88  26   7  17  82  91  37  29  19  11  34  66  91  25  71  12  39  36  76   5  92  15  33  47  12  56  16  27  18  74  48   7   0  56  24  82  48  62  12  68  73  46  34  65  72   6  77  12  43  53  17  35  68  51  82  81   8  99   8  26  74  57  34  74  13  58  57  62  21  69  30  95  15  65  60  88  71  37   0  14  91  18  50  60  70  32  41  78  32  49   4   6   6  39  81  20  98  38  82  19   7
  13  14  23  79  74  11  50  12  12  65   4  31  16  64   1  48   5  79  81  55  84  87  62  23  69  82  21   7  65  40  14  79  55  38  58  30  49   9  42  62  74  46  93  90  11  94  39  16  73  21  72  57   9  34  81  78  17   2  85  83  43   0  62  98  38  20  28  88  29  71  51   4  18  44  95  29  38  35  46  12  57  19  70  66  53  51  44  71  54  30  54  98  30  17  97  69  37  26  58  67  97   9  72  16  53  68  46  92   4  92   5  61  11  76  27  65  28  72  36  82   3  91  81  34   8  78   3  46
   4  62  14   2  71  86  19  25  55  65  18  59  58  24  21  70   0  49  35  28  21  72  11  25  64  92  59  72  71  63  18  75  25  33  78  97  19  97  23  75  63  42  35  21  66  56  91  67   5  27  96  27  99   7  52  63   0  12  36  71  75  55  47   1  88  25  98   8  23  22  83  86  64  18   8  31  75  99  98  80  26  94   8  26   2  61  90   2  73  26  73  48  81  21  49  69  47  48  77  70  70  60  57  34  79  66  65  54  65  64  35  92  59  43  19  61   5   9  64  78  35  38  27  16  59  76  86   6
  24  63  77  95  24  34  29   4   0  95  59  66  59  94  59  19  38  78  80  43  88  44  21  23  82  48  40  41  25  26  48  50  90  25  45  15  60  75  20  61  71  79  27  31  74  87  50  12  66  30  56  54  74  77  77  57  26  18  99  52  45  47   2  35  72  48  51  32  23  72  93  94  51  21  25  25   8  75  38  74   6  94  29  81  72   6  38  99  24  37  51  69  85  54   5  57   2  57  90  25  29  84  20  81   5  46   7  14  21  45  89  27  40  18   8  13  24  47  12  49  85  64  19  70  18  25  27  20
  82  18  46  12   2  66  93   7  12   1  21  34  47  11  62  87  29  71   1  54  18  13   4   3  77  23  73  95  48   1  16  31  19  62  44  21  28  38  29  41  39  51  76  86  62  38  74  91   9  75  46  27  89  50  31  67  73   4  62  22   6  79  54  25  41  99  47  70  37  76  12  77  27  88  63  90  26  38  82  35  14  28  63   4  78  94  71  52  99  34  75   5  13  30  31  55  29  78  25  66  55  37  43  83  25   7  73  52  46  55  88  61  83  51  65  62  46  37  14  45  71  90  51  85  20  82  40  49
  61  66  15  17   3  59   0  29  66  73  81  13  28  69  74  12  21  40  74  67  77  89  13  49  79  65  35  99  47  75  49   9  41  65  26  45  24  27  75  91   0  57   4  29  26  79  42  48  19  16  15  96   6  29  46  86  94  81  86  42  56  35  52  98   0  78  44  24   5  19  16   6  76  20  36   3  99  78  51  18  95  67  15   1  97  61  87  91  43  73  33  99   9  85  98   9  64  43  34  70  62  50  77  39  70  13  43  70  91  95  89  86  62   5  88  59  67  75  51  10  49  85  10  58  71   8  68  36
  52   2   6  15  52  84  54  22  97  98  93  88  93  82  75  55  87  63  15  54  39  67  65  89  52  75  48  23  84  16  59  36  18  66  51  70  50   6  93  48   4  86  37  97  69  12  53  57  76  68  12  15  36  77   5  88  52  53  12  36  69  72  72  87  38  24  58  89  30  51  38  34  38  75  31   7  88  84  65  64  53  77  80  89  54  85  78   7  39  90  44   8  62  16  96   1  41  54  91  71   5  29   5  44   4  36  52  92  21  17  57  74  94  37  64  49  23  42  56  62  32   0  71  95  17  67  96  58
  22  87  30  28  16  35  72  21  72  24  14  93  41  71  68  36   9  32  85  33  75  42  96   8  43  67   3  60  35   0  19  57  87  49  85   4  85  58  25  58  82  40  51  24  11  20  60  20  53  45  53  28  88  50  36  31  17  40  92  53  40  11  10  28  61  96  32  47  54  58   5  37  98  57  61  10  78  21  31  31  67  85  60  55  35  96  87  52  37  79   6  77  91  16   5  53  13  38   0  67  97   6   4  96  64  66   7  42  88  38  73  55  23  33  11  58  30  99  11  67  78  17  45  69  34  51  23  47
  90  23  15  88  30  20  84  94  86  92  37  74  30  10  30  54  44  42  12  75  41  24  43  20  42  88  90  76  40  13  23  30  37  39  18  67  59   3  62  45  95  99  20  26  10  51  80  55  94  93  30  36  17  74  56  59  63  46  36   3  59  60  33  96  99  52  64  58  56  27   4  52  26  25  78  37  77  59  92  71  52  23   7  70  97  63  29  60  10  66  64  69  26  98  66  26  51  31  85   7  58  89  59  85  15  38  22  92  97  15  63  49  38  70  19  36  34  49  97  44  15  62  14  42  60  81  68  11
  13  53  19  72  43  78  57  58  17  80  51  14  95  14  64  34  85  84  71  20  33  69  65  49  31  80  92  91  61  60   3  74  14  22  46  58   1   4  17  18  84  68  33  80  83  97  15  68  81  86  89  15  55  54  65  87  34  57  78  96  18  82  71  32   4  17  90   6  22   7  25   7  76  58  87  59  56   3  28  37  90  17  53  45  71  18  32   6  75  11   2  93  93  73  26  98  91  17   5  13  25  30  20   1  88   8  60  44  11  88  82   1   6  35  47  77  53  80  83  29  92  86  23  86  59  49  85  50
  67  90  64  92  20  84  93   8  93  54  53   5  43  35   7  49  71  55  26  24  35  10  54  28  96  77  14  56  27  99   6  94  89  70  86   9  55  80  18  49  34  71  55  77   6  62  26  77  17  53   2  53  64  57  82  61  35  96  17  62  96  24  57  86  95  44  96  50  24  14   0  59  86  55  37  92  17  64  70  35  17  73  89  82  31  71  43  66  68  60  29  65  85  86  51  80  30  47  30  54  61  31  14  47  86  51  40   4  15  11  40  33  85  29  16  16   1  59  83  70  20  12  35   5  98  87  85  29
  34  16  84  96  47  98  44  34  50  85  38  66  97  78   0  83   8  16   0  10  76  83  80  97  95  16   2  94   3  88  24  38   5   8  34  53   7  79  87  57  64  25  24  62   4  24  45  13  40  45  23  17  28   4  14  24  20  17  19  24   6  43  62  11  52  97  64  59  76  51  17  41  77  41   3  82  65  48  95   6  93  19  24  22  23  38  47  44  55  67  68  61  11  30  73  63  27  37  23   3  89  40  44  66  81  48  48  47  96  44  54  90  63  78  13  86  16  60  30  72  27  99  34  38  29   7   2  57
  45  25  60  34  66   5   0  48  54  49  95  50  93  50  41  57  28  54  43  45  15  74  18  43  73  52  82   3  60  84  60   5  10  21  39  76  26  40  24  81  89  20  31  83  70  73  40  99  27  84  44  43  59  63  86  32  16  68  36  76  53  96  82  63  17  21  39  44  62  63  25  51  84  57  35  54  30  75  53  58  59  98   1  19  61  88  51  78  56  87  54   9  84  36  73   1  58  12  46  20  76  71  72  60  29   7  15  59  83  68  17  43  67  19  62  29   7  14   7  64   2  62  73  86  99  47  88  58
  59  34  79  36   6  51  97  35  59  12  95  42  81  12  85  49  32  47  78  39  61  86   3  63  49  77  50  48  24  38   6  84  72  85  21  79  37  18  14  96  31   9  38  12  22  23  61  54  71  40  94  33  27  98  97  76  75  47  24   0  85  31  85  58  17   6  37  54  25  52  51  56  61  90  69  84  13  31  39  85  71  33  18  98  31  15  75   7  62   0   8  48  31  94   6  49   1  44   4  26  96  55  83  58  45  53  43  59  84  82  45  55  15  64  54  47  79  30  55  42  30  64  91  62  58  98  11  59
  42  15  86  39  71  69  98  17  23  41  77   7  23  22  63  39  86  18  87  66  48  42   9  78   7   0  40  65  98  51  25  41  67  11  80  39  81  78  57   4  19  34  11  43  57  74  82  43  92  69  10  41  12  19  19  19  20  59  85  18  11  10  60  79  21  40  18   3  19  75   7  39  10  19  82  67  94  65  11  87  35  22  28  47  41  47  67  61   7  52  80  19  62  40  98  84  81  17  88   1  93  96  41   3  15  24  71  10  89  83  97  24   5  26  72  46  73  39   8  81  92  89   0  55  29  98  40  11
  16  28  13   9  24  54  13  40  78  84  50  68  67  48  93  72  74  65  19  48   5  28  29  97  17  29  53  47  28  93  59  45  21  72  54  46  26  67  86   5  52  37  73  20  85  66  93  59  32  12   7  37  41  36  35  58  66  88   6  95  81  65  40   3  38  95  49  64  62  36  70  15  73  43  35  59  10  28  18  42  41  26  79  82  63  14  41  29   2  47  25  84  13  66  88  51  61  37  16  24  74  87  39  48  31  75   7  41   3  26  83  44  52  63  26  15  78  68  45  81  16  70  65  29  37  53  81  98
  91  98  23  66  86  63  14  17  38  22  58  41  48  42  86   0   5  12  15  83  81  60  64  97  31  30  27  68  83   9  67  75   7  90  41  93  54  56  10  92  78  69  34  26  11  20  26  16  33  41   0  14   1  64  11  32  94  38   1  78  47  68  53  55  59  94  49  13  50  60   6  28  29  40  55  41  60  81  57  93  22  57   8  24  22  19  57  16  58  58  94   6  27  48  61  87  43  11   0  94  71   7  23   1  47  78  43   8  59   0   2  82  58  10   6  81  30  64  98  89  23  93  95  50  41  57  37  84
  68  38  79  40  46   2  42  93  80  85   2  39  86   4  22  45  15  28  26  46  93  25  35  16  18  31  67  59  88   5  44  57  44  23  98  90  26  40  84   6  26  86  46  12  91  68  57   7  97  84  53  90   9  89   7  27  20  74  87   8  79  32  66  24  56  64  14  82   4  99  89  30  85  35  43  77   4   1  84   1  85  38  91  95  27  98  23  47  73  10  56  53  43  22  77  99  86  92  82  90  91  71  21  76   7  64  54  11  66  38  12  51  76   4  46   4   3  70  51  76  80   7  29  24  29   7  24  15
  99   6   6  90  78  28  67  85  93  22  97  59  61   9  11  38  14  58  42  17  28  93  93   9   1  23  33  31  31  57  47  30  64  53  21  42  82  89  28  76  12  25  35  73  35  46  11  49   5  53  66  33  47  60  42  49  84  76  80  15  33  27  46  97  81  68  40  63  58  68  39  70  94  75  43  29  22  54  78  27   8  44  60  56   4   3   5  88  79  85   4  13  12  50  11  93  18  51  57  76  20  96  47  15  72  90  44  94  45  22  21  54  67  82  10  72  85  16  61  65   1  65  78  14  16  89   7  34
  41  64  11  62  61  58  77  34  49  22  28  95  45  50  49  12  32  60  85  18  76  46  84  78  12  63  92  28  52   0  63  94  64  75  57  26  34  34  60  83  57  89  79   2  39  29  14  72  89   0  91  66  46  75  44  59  38  36  87  91  36  51  86   1  26  43  28  60  78  89  44  35  78  24  37  18  53  52  90  42  52  82   9  99  58  53  58  96  90  46  88  27  97  75  29  24  18  57  85  97  47  29  33  26  53  71  44   7  24  35  50  77  17  59  76  75  13  35  72   4  82  61  31  79  36  60   4  55
  18  89  52  65  19  86  92  73  57  36  80  81  72  30  58  89  90  35  65   3  70  38   7  53  99  39  32  36  99  36  91  18  25  44  84  45  30  76  18  87  13  98  69  85  28  28  74  18  63  40  22  34  78  29  87  78  69  20  14  69  57   6  87  83  50  72  28  80  48  46  68  61  44  37  46  73  65  21  92  29  62  14  63  41  44  51  19  13  71  34  82  28  40  70  11  91  42  39  71  91  85  40  52  30  78  99   3  44  21  96  73  83  10  37  24  55  88  44  69  59  78  52  88  19  22  99  11  65
  39  83  56  25  23   9  55   1   8  59  45  30  55  19  13  66  56  37  21  44  82  91   4  61  43  92  81  66  92  92  31  31  75  87  57  98  97  12   0   6  71  46  36  27  65  49  93  21  87  15  66  69   6  70  30  50  63  11  16  55   4  47  87  79  35  44  77  33  57  78  39  29  24  75  56  89  25  50  11  12  66  77  82  73  48  13  23  12  25  40  68  29  87  56   8  23   0  86  56  58  64  96  87  88  71  44  78  96  95  89   9  61  67  91  34  16   5  58  28  30  98  96  59  86  52  68  10  53
  54  67  12  19  63   0   8  35  45  86  31  40  76  41   2  43  33  37  59  38  95  88  68  94  85  28  80  38  96  91  92  51  58   4  71  21   4  79  57  49  65  89  90  42  30  92  85  63  30  45   1  26  34  70  20  19  98   1  57  95  92  49  47  50  54  18  72  58  97  29   8  63  19  99   5  49  92  91  13  22  37  14  48  71  85  68  90  83  69  48  79  62  98  26  12  52  45  85  11  43  15  20   6  34  19  12  83  11   4  97  34  41  11  82  12  97  51   3  80  21  52  60  83  50  87  96   3  32
  81  15  75  97  35  82  31  55  94  15  67  98  12   1  40  24  84  52  21  35  56   2  57   8  62  40  58  49  36  62  81  18  77  57  16  13  39  47  68  34  63  35  33  75  37  73   0  21  26  21  57  82  23  14  90  86  54  49  36  91  12  18  10  89  75  26   2  15  74  70  49  37   6  83  13  44  57  13  65  83  34  22  66  58  36  57  45  91   6  81  83  18  99  94   8  74  20  10  89  95  81  39  32  88  23  45  32  80  58  98  64  93  20  30  51  57  87  96  49  94  78  33  13  77  27  21  51  48
  32  41  43  14  81  76   3   4  22  35  85  80  34  49  74  54  79  26  12  67  23  62  62   1  95  75  78  23  97  30  71  30  72  15  45  53  91  48  58  13  84  43  94  18  93  69  73  73  95  85  40  18  48   3  20  43  78  98  66  76  29  38   6   1  53  51  55  45  99  13  59  84  57  53   2  50  22  75  23  18  61  64  37   9  67  57  53  46  56  20  22  85  59  29  86  12  80  41  58  80  55  17  64  12  70  67  63  93  42  87  12   4  52  49  14  19   6  68  66  62  88  88  47  48  18  34  61  98
  76  19  79  31  36  44  44   7  11   7   1  54  94  13  58  46  62  72  66  69  40  32  32  29  21  80  78  39  14  39  38  91  58  18  22  94  63  66   2  74  74   3  29  69  16  87  15  79  60  82  49   1  15  81  31  37  62   9  77  76  48  15  68   7  34  90   2  97  57   4  72  31   7   1   0  24  88  16   3  49  99  53  50  14  34  82  51  96  91  28  73  40  44  41  47  79  32  50  77  90  54  49  21  61  50  22  86  39  39  89  89  38  43  39  53  77  22   5  74  14  34  48  54  79  90   2  59  23
  52  36  13   7  85  35  68  36  58  54  75  97  44  64  36  87   4  90  65  27  95  40  41  30  89  96   9  79  98  68   3  51   5  16  58  90  52  27  26  10  82   2   7  27  67  44  15  72  34  80   0  30  21  41  60  10  37  70  90  36  39  93  88  44  10  47  34  62  74  61  72  57  64  80  84  32  24  99   5  58  80   5  88   1  46  49  12  84  19   2  21  58  96   9   3   7  57  37  70  31  99  43  88  64  23  73  97  48  72   2   6  53   7  95  54  54  45  67  39  65  70  60  23  67  70  27  74  27
  65  45  59  64  88  48  29  11  21  26  59  94  28  66  47  36  62   2  91   7  69  31  72  39  92  96   6  62  24  81  90  89  26  49  54  14  98  83  25  19   9  85  14  38  52  61  75  14  63  67  22  33  98  95  72  90  92  78  53  16  59  44   5  85  94  59   0  92  43  26  12  53  11  26  91  64  88  67  78  52  35   1  85  33  97  57  24  89  36  78   5  96  22  11  82  16  71  82   8  14   8  20  67  20  47  59  84  35  26  63  87  62  65  73  95  62  30  20  51  67  98  57  63  21  69  46  37  40
  28  46  54  37  66  22  58  14  81  43  50   8   6  37  70  72  10  66  34  41  86  86   9  85  44  72   6  13  18  44  54  47  90   9  85  57  31  43  71  12  86  21  20  93  59  91  65  70  57   0  12  44  87  21  30  31  93  36  45  12  81  99  60  71   9  45  28  40  89   0  53  75  21  74  69  81  65  34  51  22  35  63  67  22  85  97  54  79  34  99  91  15  99  52  86   9  97  15  49  87  15   2  62  37  77  31  18  42  66  70  65   2  34  32  24  19  30  79  98  64  78  90  79  78  42  66  87  40
  81  37  27  97  40  90  34  17  21  53  59  88  23  25  90  58  57  15  77  87  94  75  52  73  65  31  52   8  97  39  49  79  76  76  76  17  66  11  34  88  64  94  77  88  19  68  46  77  84  23  65  79  99  17  52  65  48   5  73  46  44  22  26  21  99   2  38  66  13  73  55  78  67  32  66  86   1  12  63  86  36  28  65  35  45  18   1  94  23  75  41  68  97  67  90  97  69  28  64  83   2  19  61  69  52  28  55  54  41  19  40  77  47   5  13  93  23  14  88  47  89  29  15  87  96   5  85  66
  34  49  50  36  68  12   6  21  40  61  75  82  80  15  59  28  20  72  22  44  87  10  91  76  39   6  64  36  12  49   2  47  98  53  84  67  65  90  88   6  51  63  88  32  78  48  61  98  21  83  42   8  93  33  85  33  40  49  69  53  98  72   0  97  25  85  64  91  75  52  97  27  15  86  60  93  34  21  91  55   4  34  64  98  68  49  31   8  99   0  62  97  72  62  95  98  47  59  89  23  11  87  50  27  73  10  20   8  32  12  64  36  47  28  34  15  77  65  24  76  66  86  74  38  48  69  36  96
  29  26  19  41  13  70  68  87  81  89  95  13   2  59  50  49  87  85  64  65  51  88  42  17  74  16  56  23  86  93  20  15  19  40  57  33  11  25  20  92  15  16   6  17  76  56  67  64  42  31  29  93  20  71  10  95  88  67  19  74  60  39  90  80  79  47  13  90  73  34  83  88  50  89   6  26  46  73  91  88   5  20  81  26  92  92  22  81  59  41  56  20  80  46   0  60  94  13  51  68  47  35  57  98  24  63  25  71  37  16  59  43  37  41  70  30  34  92  11  93  33  67  14  14  14  14  75   8
  28  26  76  75  62  33  74  86  97  99  58  34  16  18  78  53  59  48  83  94  40  94  88  74  61   2  88  75  16  63  84  44  90  61  20  52  94  94  39  91  94  97  26  10  16   5  63  75  53  47  70  94  41  58  69   3  60  57  79  77  21  64  21  12  25  42  65  19  37   5  11  31   2  38  42  19  44   6  95  98  53  65  92  95  23  61  99  83  19  79  61  41  43  82  53  68  25  18  88  62  23   0  94  26  39  36  46  83  43  41  81  96   6  74  92  29  35  91  13  55  70  74  96  14  57  50  82  83
  69  71  45  93  71  40  20  10  77  66  94  20   7  75  17  14  49   9  43  85   0  57  41  71  32  37  85  90  88  68  73  57  39  19  51  11  59  71  22  37  37  16  57  45  92  74  59  42  83   3  27  84  61  68  56  93   6  41  84  94  10  57  52  49  77   3  61  37  74  83  74  12   0  31  58  92   6  17  34  90  21  62  74  82  31  30  75  37  72  60  32  82  17  85  32  95  88  93  32  63  77   7  76  78  39  34  71  45  52   5  35  73  68  10  56  99  41  32  37  13  92  70  96  10  55  29   5  44
  22  38   8   0  46  84  78  85  19  49  31  71  55  67  45  24  77   2  24  18  34  62  32  26  32  29  37  88  58  42  33  81  81  41  81  27  25  60  13  44   9  44  16  65  11  62  89  89  64  14   8  99  76  41  26   8  70  63  97  28   5  30   9  87  71  91  14  97  51  27  42  61  72  58  27  83  21  17  73  86  31  81  85   7  22  12  16  93  75  13  22  80  44  32  68  15  23  82  12  75  10  54  37  82  13  64  66  35  81  39  22  12  21   8  19  44  20  36  37  95  49  59  76  93  91  44   9  15
  27  22  90  37  77  27  19  91  92  86  26  73  25  49  85  47  57   5  91  77  42  29  72  91  88  49  85  80  93  95  95  20  17  86  57  94  14  77  86   6  64  13  79  90  62  65  37  19  71  29  96  13  58  69   5  47  18  91  27  11  86  23  32   4  10  90  99  24  68  85  31  32  98  11  22  60  77  60  80  49  89  76  62  47  46  68  94  64  60  22  76  47  45   9  51  56  99  51  80  67  36  12   0  35  23  22  96   0  83  76  49  72  53  12  19  99  81  14  64  41  36  41  88  82  50  40  38  50
  91  19  18  27  31  18  63  55  41  59  56  24  36   5  97  89  18  16  89  99  31  53  41  67  95  29  50  46  69  88  97  60   8  15  88  40  34  51  95  76  11  51   1  47  57  98  37  76  15  26  75  46  80  17  14  75  46  64  21  16  53  18  77  62  34  66   2  69  18  97  45  29  49  47  77   7  46  14  83  61  40  59   8  20  76  23  96  23  88  17  39  42  36  17   4  71  83   6  40   1   4  86  31  53  33   9  61  79  23  44  41  64   3  49  84  79  73  80   2  61  98  42   4  35  60   8   6  44
  14  47  46  19  33  77  72  66  86  34  45  10  78  87  74  81  37  59  61  10  40  64  72  39   7  76  74  67  84  81  11  99  28  58  18  62  35  91  28  22  25  74  33   3  61   7  85  98  67  46   9   7  11  81  46  18  58  21  85  43   2  97  42  31  55  61  93  91  53  22  14  78  97  47  82  59  55  68  58  23  15  67  30  26  49  77  44   8  98  29  51   1  27  94  32  83  56  26  74   9  49  89  88  46  37  70   6  93  38  64  16  53  32  46  79  82  23  24  90  21  54  42  22  81  36  55  64  93
  82  39   2  31  28  90  77  65  61  83  58   0  48  74  53  80  21  33  62  44  58  53  66  12  95  89  93  32  45  58  25  27  97  28  58  26  18  36  91  79  20  50  79  68  24  33  48  46  67  11  91  25  64  58  38  60  47  32  93  93  90  19  20  88  47  79  14  65  15   6  45  35  56  25   3  81  59  52  27  27  64  19  52  29  77  91  90  25  23  83  18  13   2  39   2  49  18  16  15  33  23  61  69  79  86  73  61  46  26  89  73  90   8  26  20  85  17  10  10  40  93  29  54  96  68  56  45  87
  73  61  20  96  22  90  76   8  63  37  55  89  26  28  79  34  54   0  20  71  10  31  11   3  60  66   0  29  23  45  16  96   6  37  92  29  27  69  38  90   6  93  80  32  21  59  66  75  59  87  46  70  18  58  74  79  25  74   8  48  19  25  44  26  62  37  56  89   6  94  80  12  87  60  45   8  20  12  84  80  99  31  50  17  89  24  96  15  99   5  63  19  30   7  46  92  45   2  82  52  96  63  64  83  24  10  92  44  22  77  25  21   8  76  39  98   1  36  13   0  41  76  19  72  84  65  65  29
  67  48  82  64  11  46  48  35  57  41  80  79  18   6   1  26  82  41  24  83  77  37  83  19  14   2  91  98  68  57  28  36   5  10   0  16  57  48  52  14  89  33  94   7  39  96  34  21  37  58   4  15  96  88  35  10  91  27   9  59  84  38  96  89  48  96   6   6  45  59  21  35  92  16  43  32  12  77  53  50  36  58  66  32  46   1  43  38  28  52  97  13  91  94   2  39  90   9  46  36  68  68  71  60  84  15  93  97  92  46  47  29   5  14  62  52  16   5  90  45  58  88  58  50  82  61  89  73
  70  36   9  38   4  81  99  89  96  92  86  89  39  34  19  44  48  81  97  64  87  87   9  46  76  68  96  58  29  86  32  99  23  41  37  27  23  36  17  19  29   3   9  68  38  28  13  86  10  10  51  97  98  61  44  75  29  40  33  59  27  65  58  50   7  95  77  30  32  94  50  61  98  60  30  36  88  43  23  98  54  75  96  53  36  40  28  66  81  62  25   8  28  83  58  35  79  36  66  12  31  17  74  30  77   4  66  66  48  89  65   3  64  61  56   1   2  84  67  83  47  93  92  75  77  50  11  57
  87  77  69  18  94  44  49  72  48  15  38  97   5   3   0  70  65  57  72  67  42  40  51  89  33  43  64  10  94  75  67  82  53  37   1  48  81  50  20  30  65  59  27  71  62  28  41  27  86  13  95  28  53  47  18  87  90  82  98  85  58  65  67  11   3  69  60  84  19  81  15  85  40  43  56   3  72  98  31  58  12  26  87  65  73   5  53  64  87  51  50  46  17  18  58  20  87  18   5   6  99  20  92  39  64  48  42  36  46  73  94  58   0  81  24  74  86  77  39  74  29  89  21  46   8  79  67  95
  97  72   2  97  93  95  36  57  43  79  93  90  53  88  48  53  70  73  28  56  51  67  31  80  57  52  26  65  32  94  61  29  66  64  26  60  59  63  18   2  43  12  93  96   0  41  50  70  15  78  27  66  46  59  46   3  12  73  69  44  67  30  74  34  95   0  94  54  64  13  57   7  25  50   4  25  92  55  96   7  34  23  74  80  83  20  84  95  94  53  39  61  83  13  96  78  14  91  33  79   4  90  87  29  41  91  55  33  47  51  41  81  75  15  62  58  36  46  53  30  99  92  92  82   6  88  61  21
  80  94   0  84  84  87  13  25  79  68  59  26  19   0   8  94  16  70  53  52  16   6  83  15  99  75  98   6  64  59  27  44  53  27  28  38  14  42  64  94  11  24  20  31  24  28  26  41  98  79  93  15  85  76  30  85  52  28  91  17  88  18  62  42  46  91  80  60  33  45  55  45  69  75  76  94   4   2  35   3  82  29  18  68   6  49  53  59  78  44  76  66  63  38   8   9  29  89  70  63  34  25   8   4   1  85  98   5  88  34   9  70  64  27  38  70  76  92  29  54  37   6  21   0  44  29  10  74
  18  81  38  53   7  47  57   8  33  56  14  21  91  23  92  55  51  30  26  28  23  55  83  60  61   4  61   6  34  72  80  53  53  19   6  60  66  64  69  99  21  83  21  12   7  13  68  58  44  94  87  67  50  70  27  11  74  89  17   9  61  98  62  14  18  68  75  85  33  44  85  54  28   6  67  36  20  36  95  64  30  82  31  81  52  59  92  27  48  10  36   9   9  98  24  28  67  99  13   0  44  98  55  73   5  23   9  25  59   4  89  90  87  21  71  40  80  64  68  29  75   4  39  84   3  63  12  71
  63  26  72   7  25  28  80  30  51  90  55  10  95  45   1  82  67  73  22  48  37  90  77  12  95  16  97  99  80  10  71  43  36  43  51  61  71  32  92  22  22  48  33  17  93  35   0  61   8  22   9  46  13  86  59   8   3  56   8  84  67  79  27   4  23  78  66  94  11  59  17  33   7  51  51   1  86  51  62  95  74  71  41  87  58   1  96  62  58   5  46  25  84  73  30   7  52  96   2  63  55  20  97  63  71  49  64  58   1  26  54  75  98  95  63  57  96  60  19  54  65  65  80  50  39  10  58  92
   7  60  56  63  80  53  26  52   3  91  11   4  18  65  80  16  61  43  73  58   4  92  13  69  58  93  20  97   4  78  90  12  39  46  76  20   0   2  73   3  93  84   8  12  49  88  28  10  31   2  69  36  95  82   6  53  76  26  51  80   5  42  93  45  88  69  65  88  71  38  92  65  23   0  77  72  88   6  83  20   8  52  56   3  34  62  57  10  89   9  91  94  51  84  39  39  54   5  28  26  44  20  91  67  21  69  40   9  76  24  30  84  76  86  88  11  49  46  22  38  56  14  33   7  99  73  47  53
  78  76  79  23  97  71  90  18  41  31  28  17  55  58   2  32  45  91  44  95  38  67  34  94  81  68   2  81  41  49  35  20  26  14  43  23  86  34  42  27  65  70  45  21  29  47  53  75  39  97  71  77  65   5  71  47  74  73  28  15  23  63  35  50  78  79  73  64  13  16  92  79  87  37   0  16  85  53  92  24  51  63   1  17  69  72  64  43  46  93  59  70  57  95  20  35  74  94   0  88  11  92  67  98  30  67  15  15  21   7  39  73  71  40  90  41  13  54  85  60  47  44  31   5  40  52  40  14
  47  41   3  58  34  70  56  64  38  72  79  59  80  19  33  52  60  23  93  73  78  79  34  26  24  65  31  64  18  72  79  65  13  82  24  47  52  80  11  91  53  91  51  33  11  84  85  71   8  79  44  86  58  79  13  82  45  44  47  63  16  26  29  30   8  53  77  61  34  89  52  87  81   3  20  92  88   6  63  96  85   8  82  44  87  95  26  33  40  74  96  56   0  25  87   9  79  64  70  13  54  23   0  35  27  21  27  16  27  91  12  13  99  95  57  87  90  84  21  31  58  17  88  59  43  75  68  23
  39  39  36  93  63  37  29  90  59  57   7  87  48  19   0  48  14  58  36   5  42  57  36   1  75  24  60  19   0  28  42  39  68  78  33  31  16  62  22  75  20  29  63  68  48  63  17  63  22  53  68  64  10   5  66  86  30  26   5  30  55  47  70  24  26   3  55  43  66  77  19  86   7  82  55  56  46  72  19  68  26  88  33  37  93  99  23  24  26  28  54  81  76  24   5   3  28  61  46  95  39  65  82  46  47  38   3  93  10  22  61  37  11  95  74   5  94  97  29  20  26  83   2   2   8   8   5  37
  70  52  32   9  17  15  56  65  53  59  58  64  82  20   1  93  15  75  98  10  73  27  30  99  11  33   2  20  42   7  57  12  59  89  21  77   4  78  42  58  37   1  22  19  21  23  13  37  99  11  47  72  39  78  72  50  12  74  70  54  82  28  67  42  17  88  20  22  67  62  81   4  63   3  24  85  27  37  22  27  49  70   0  89  49  72  40  61  47  10  16  30  39  83  72  56  72  92  79  39  55  61  44  18  64  68   4  92   6  27  19  56  97  19  45  46  92  85   8  39  96  24  69  35   7  42  92  79
  35  72  18  90  33  62   9  97  31  14  90  37  41   9  94  38  28  39  85  21  25  93  60  21  17  30  56  24  73  49   4   8  21  22  99  54  85   9  52  16  23  42  54  64  51  48   2  80  88  88   1  13  81  62  35  98  93  92  23  66  41  27  74  62  50  74  17  35  83  69  51   6  12   6  71  64  55  73  45  43  62  46  57  43   9  92  42   2  85  65  68  26  92  43  89  42  17   6  78   0  76  29   7  88  36  78  53  91  52  98  34  14  45  92  57  54  85  99  57  70  65  25  96  58  68  86   1  86
  92  79  86  69   8  94  58  45  72  11  36  24   9  71  39  54  63  96   9  48  96  66  18  61  91  15  19  60   1  21  46  94   0  33  63   9  27  22  54   0  33  90  24  43  61  63  97  25  60   6  74  57  72  93  19  64   9  39  25  10  60  72   5  60   5  68  69  33  90  23  33  24  14  58  67  76  22  65   1  83  71  76  40  44  69  59   9  78  98  34  89  58   6  94  18  12  63  88  45  54  11  79  78  26  37  46   2  60  11   4  43  83  80  84  27  50  43  37  29  42  71  19   0  78  13  19  90  77
   8  36  31  20  15  10  46  53  56  48  14  68  53  57  51  34  41  79  84  85  16  14  27  88  33  28  67  47  48  57  24  57  94  55  77  10  65  23  64  22  72  78  91  25  36  42  59  78  22  44  64  39  58  91  28  92  20  95  39  69  53  63  26  47  18   4  58  84  27  22   7   0   0  98  26  37  41  86  15  63  30  79   3  89  71  31  81  92  26  20  62  79  83  88  27   2  92  85  87  20   7  94  21   8  93  47  46  34  33  61  98  63  41   1  53  13  33  34   5  59  55  67  39  38  56  67  41  49
  52  28  70  60  23  91  69  16  38  15  50  71  77  49  35  18  51  88  32  84  23  37  44  78   5  84  17  62  51  58  11   4  87  81  65  10  73  34  26  11  49  77  82  27  26  18  45  77   7  78  62  30  16   6   9  22  90  26  84  41  85  96  45  72  78  10  83  51  45  10  62  95  87  45  22  14  63  68  92  71  46  54   1  62  60  10  84  50  37  69  92  22  65  38  95  44  49  79  95  95  89  58  90  77   3  13  91  67  81  83  38  28  37  40  90  98  51  75  49  88  45  42  11  10  80   7  54  30
  86  50  25  76   8  16  53  12  29  44  80  10  28  19  39  65  59  29  64  11   5  13  99  50  55  11  61  36  18  16  66   5  66  92  81  75   8  35  88  38  79  69  48   7  88  87  73  48  17  37  59  23  51  59  74   6  70  35  43  89  52   9  94  19   2  76  94  11  11  83  49  91  52  97  98  41  85  72  89   3   9  49  27  61   9   1  67  79  37  10  69  89  20  63   8  23  40   3  34  51  87  83  43  39  81  41  80  67  14  70  70  24  20  97  85  29  99  53   9  36  63  78  25  84  42  34   7  82
  38  41  34  25  25  77  64   6  19  45  73  33  16  44  57  37  42  43  66  42  96  76  78  59  54   4  44  96  38  52  79  76  93  13   1  19  91  66  25  10  12  99  44  29  44   2  66  87  45  33  29  41   9   7   1  64  12  46  61  50  98  40  27  92  54  29  11  46  96  37  56   9  36   1  38  81   4   4  68  49  38  97  91  48   5  93  12  17  39  73  68  37  14  96  30  69  25  41  15  22  78  72  31  15  73  69  96  77  74  65  27  13  62  19  61  68  12  73  85  52  47  53  90  62  49  20  31  75
  61  46  98  40  18  29  55  92  99  52  70  73  17  98  87  80  17  48  49  30  21  34  82  69  88  72  31  38  93  62  14  54   9  12  95  28  41  51  21  40   3  91  14  21  90   1   2   7  50  51  37  71  86  20  41  75  92  72  13  85  35  28  40  44  40  36  73  82  87  94  23  91  86  38  13  76  39  15  83  90  67  21  61  54  41   3  29  34  75  43  20  11  71  60  56  12  97  29  94  84  23  17  75   9  55  88  85  95   4  69  85  72  91  47  26  32  50  56  66  26  99  87  37  71  48  93  83  45
  23  78  29  46  95   5  55  51  93  41  46  98  11  32  70   2  79  96  34  30  52   1  57  52  88  95  23  37  89   7  82  12  85  11  58  80  16  14  32  10  56  78   8  67  11  78  69  90  75   4  21  28   6  78  80  95  74   4  32  63  11  14  75  96  26  34  77  42  48   9  53   4  88  62  72  99  41  41  90  16  46  12  45  52  90  25  47  65  29  79  28  41  94   4  37  20  38  15  62  86  25  16  91  13  78  64  13  20   5   3  37  52  15  82   4   6   7  52  71  37  31   0  78  25   4  16  45  42
  32   8  29  57  25  21  71   4  85  84  24  91  88  61  43   4  43  48  11  51   0  82  88  31  83  67  57  87  84   3  30  16  12  59  74  37  81  45  41  66  30  65  58  19  27   1  23  70  50  34  22  50  17  11  82   1  78  39  88  63  43  19  79  55  78  54  92  60   0  34  27  31   0  85  50  27  87  74  98  37   9  20  87  27  31  69  28  10   9  17  74  52  36  54   7  15   8   0  75   8  34   2  39  34  88  90  62  75  64  60  12  74  81   0   1  13  70  30  24  79  47  98  32  83  52  39  98  60
  39  74  69  74  76   8   9  64  99  71  40  64  31  52  38  12  53  40  26  23  70  50   3  17  48  35   0   0  74  99  61  14  73  30  89  50  39  98  14  38  69  54   2   1   7  41  13  61  81  40  85  51  90  88  69  39  23  70  39  98  69   1  13  42  31   2  92  70   0   7   9  70  62  12  71  70  53  85  31  35  25  16  87  15   4  56  54  28  27  94  27  96  95  40  39  27  43  32  98  43  39   7  14   2  19  85  72  73  70   3   9  95  20  96  11  25  53  66  53  80  60  81  77  56  21  16  83  64
  49  81   8  88  89  22  90   9   7  63  82  78  67  92  73  87  89  85  13  43  51  67  24  11  48   1  68  69  18  51  34  67  33  43  56  22  65  47  31  73  10  14  51  78   6  25  65  96  10  78  39  61  46  63  73  94  65  41  63  83  93  98  51  26  41   7  49   6  55  80  80  65  94  32  43   1  58   9  97  68  88  37  30  34   0   4  28  65  45  92  49  39  90   0  65  31   8  14  38  63  95  19  29  90  51  73  92   9  82  90  78  71  27   8   6  27  12  35  93  58  27  42  98  18  43  63  49  51
